10000 20                         !MC Steps and number of checkpoints
2000 10                          !Equilibration (approx 20%) and number of checkpoints
2.0 40.0 30                      !T initial,T final, Number of Trajectories
123456                           !Seed for the Random Number generator (integer),based on the clock system <=0
LookUpTable_CCSDT_00.20_25.40.txt  !Name of the Potential Energy
no restart_ne147_20              !restart
10.65                            !Sphere radius for BC (Req=3.130 Angstrom)
147                              !Number of Molecules
-1                               !Saves configuration (integer), Yes: >0 / No: <=0
1.0  5.0                         !Max. displacement (Angstrom) and Max. Rotation angle (degrees)
-------------------------        !blank line
System1          1               !Name and number of atoms
10	  0.000000000000000	  0.000000000000000	  0.000000000000000
System2		 1
10	 -0.000006086110141	  0.000008521346920	  2.887447628956612
System3		 1
10	  0.798068195861859	 -2.456205841911384	  1.291314766813656
System4		 1
10	 -2.089379441187066	 -1.518017260305134	  1.291305911950120
System5		 1
10	 -2.089379467333652	  1.518024846015841	  1.291296952075678
System6		 1
10	  0.798068153555792	  2.456213477391775	  1.291300269432275
System7		 1
10	  2.582608950147079	  0.000003833119874	  1.291311279545846
System8		 1
10	 -0.798068153555792	 -2.456213477391775	 -1.291300269432273
System9		 1
10	 -2.582608950147076	 -0.000003833119874	 -1.291311279545846
System10	 1
10	 -0.798068195861857	  2.456205841911384	 -1.291314766813656
System11	 1
10	  2.089379441187068	  1.518017260305134	 -1.291305911950118
System12	 1
10	  2.089379467333652	 -1.518024846015841	 -1.291296952075678
System13	 1
10	  0.000006086110141	 -0.000008521346920	 -2.887447628956610
System14	 1
10	 -0.000012324778146	  0.000017256294724	  5.847273647312647
System15	 1
10	  0.816648938385071	 -2.513402039506994	  4.276085573503694
System16	 1
10	 -2.138047216995720	 -1.553363090392997	  4.276076512410802
System17	 1
10	 -2.138047243751259	  1.553388292391917	  4.276067343861312
System18	 1
10	  0.816648895093697	  2.513427292434733	  4.276070738478988
System19	 1
10	  2.642751562083501	  0.000012642201740	  4.276082005017582
System20	 1
10	  3.459412956179282	 -2.513406836922625	  2.642775284321257
System21	 1
10	  1.616141218847892	 -4.973980323575113	  2.614998357252849
System22	 1
10	 -1.321385822899936	 -4.066782569517363	  2.642769791714481
System23	 1
10	 -4.231132444852229	 -3.074085996688853	  2.614980425564774
System24	 1
10	 -4.276082005036267	  0.000007762381549	  2.642751562072101
System25	 1
10	 -4.231132497800806	  3.074101358257965	  2.614962281222628
System26	 1
10	 -1.321385892946850	  4.066798145209279	  2.642745788140284
System27	 1
10	  1.616141133175292	  4.973995785931153	  2.614968999090553
System28	 1
10	  3.459412912887911	  2.513422495019102	  2.642760449296551
System29	 1
10	  5.229955031588109	  0.000007762322893	  2.614991295303407
System30	 1
10	  2.954696182136331	 -4.066790331898911	  0.000018229642380
System31	 1
10	  0.000000043291371	 -5.026829331941727	  0.000014835024706
System32	 1
10	 -2.954696112089418	 -4.066790382827731	  0.000005773931818
System33	 1
10	 -4.780798779079221	 -1.553375732594737	 -0.000005492606776
System34	 1
10	 -4.780798805834761	  1.553375650190177	 -0.000014661156267
System35	 1
10	 -2.954696182136331	  4.066790331898911	 -0.000018229642380
System36	 1
10	 -0.000000043291371	  5.026829331941727	 -0.000014835024703
System37	 1
10	  2.954696112089420	  4.066790382827731	 -0.000005773931818
System38	 1
10	  4.780798779079221	  1.553375732594737	  0.000005492606776
System39	 1
10	  4.780798805834761	 -1.553375650190177	  0.000014661156270
System40	 1
10	  1.321385892946850	 -4.066798145209279	 -2.642745788140284
System41	 1
10	 -1.616141133175292	 -4.973995785931153	 -2.614968999090553
System42	 1
10	 -3.459412912887911	 -2.513422495019102	 -2.642760449296551
System43	 1
10	 -5.229955031588107	 -0.000007762322893	 -2.614991295303405
System44	 1
10	 -3.459412956179282	  2.513406836922625	 -2.642775284321257
System45	 1
10	 -1.616141218847892	  4.973980323575113	 -2.614998357252845
System46	 1
10	  1.321385822899939	  4.066782569517359	 -2.642769791714478
System47	 1
10	  4.231132444852230	  3.074085996688853	 -2.614980425564774
System48	 1
10	  4.276082005036267	 -0.000007762381549	 -2.642751562072099
System49	 1
10	  4.231132497800808	 -3.074101358257965	 -2.614962281222628
System50	 1
10	 -0.816648895093697	 -2.513427292434733	 -4.276070738478985
System51	 1
10	 -2.642751562083498	 -0.000012642201740	 -4.276082005017579
System52	 1
10	 -0.816648938385068	  2.513402039506994	 -4.276085573503691
System53	 1
10	  2.138047216995720	  1.553363090392997	 -4.276076512410802
System54	 1
10	  2.138047243751259	 -1.553388292391917	 -4.276067343861312
System55	 1
10	  0.000012324778149	 -0.000017256294724	 -5.847273647312647
System56	 1
10	 -0.000018772392089	  0.000026283794054	  8.906230379769294
System57	 1
10	  0.828111079289610	 -2.548689607637836	  7.309755260374806
System58	 1
10	 -2.168078625329676	 -1.575168587505001	  7.309746072034689
System59	 1
10	 -2.168078652460951	  1.575211694731583	  7.309736774728925
System60	 1
10	  0.828111035390287	  2.548732766508444	  7.309740217018077
System61	 1
10	  2.679858126355560	  0.000021595394186	  7.309751641775537
System62	 1
10	  3.527133754390450	 -2.562604525368745	  5.707056722574976
System63	 1
10	  1.650002790002081	 -5.078206308648059	  5.665988009349551
System64	 1
10	 -1.347261791116516	 -4.146391691771243	  5.707051122435915
System65	 1
10	 -4.319806453067751	 -3.138497759702808	  5.665969701884676
System66	 1
10	 -4.359803956989822	  0.000016804872652	  5.707032535900123
System67	 1
10	 -4.319806507125920	  3.138531127715611	  5.665951177309347
System68	 1
10	 -1.347261862534779	  4.146425353442434	  5.707026648928337
System69	 1
10	  1.650002702534125	  5.078239779559880	  5.665958035957040
System70	 1
10	  3.527133710251535	  2.562638271057780	  5.707041597115472
System71	 1
10	  5.339547754514349	  0.000016767253456	  5.665980799409760
System72	 1
10	  6.167677732175107	 -2.548699300565525	  4.009737137223411
System73	 1
10	  4.329879814728790	 -5.078211173435017	  4.009740728563930
System74	 1
10	  2.461613204628396	 -7.576080296252079	  3.983014857379877
System75	 1
10	 -0.518056936956448	 -6.653401356334205	  4.009735158823081
System76	 1
10	 -3.491676475406995	 -5.687213827521787	  4.009726039698326
System77	 1
10	 -6.444617200101352	 -4.682270703427152	  3.982987544865585
System78	 1
10	 -6.487866207157555	 -1.563312525152369	  4.009707554052444
System79	 1
10	 -6.487866234084449	  1.563336080029465	  4.009698326782878
System80	 1
10	 -6.444617280749576	  4.682294101284300	  3.982959908448857
System81	 1
10	 -3.491676573364489	  5.687237434042911	  4.009692471766270
System82	 1
10	 -0.518057051555677	  6.653425014110319	  4.009695888124808
System83	 1
10	  2.461613074136830	  7.576103847622067	  3.982970140718288
System84	 1
10	  4.329879727260834	  5.078234914772922	  4.009710755171422
System85	 1
10	  6.167677688275784	  2.548723073580756	  4.009722093866682
System86	 1
10	  7.965966225740891	  0.000011823123070	  3.983004101025303
System87	 1
10	  5.707038921416075	 -4.146404497459635	  1.347274063573425
System88	 1
10	  3.818075174721310	 -6.653409227724850	  1.329870764737355
System89	 1
10	  0.821885486870072	 -7.626930299501710	  1.329867322448203
System90	 1
10	 -2.179898745825282	 -6.709025963644763	  1.347265002358076
System91	 1
10	 -5.147923756199759	 -5.687221750556459	  1.329849014983328
System92	 1
10	 -6.999670847165036	 -3.138510579442202	  1.329837590225868
System93	 1
10	 -7.054294362750512	  0.000003915166414	  1.347234928711436
System94	 1
10	 -6.999670901223205	  3.138518307976216	  1.329819065650540
System95	 1
10	 -5.147923854157251	  5.687229511008240	  1.329815447051272
System96	 1
10	 -2.179898861382460	  6.709033877995441	  1.347225403390993
System97	 1
10	  0.821885355502793	  7.626938162852507	  1.329822305698964
System98	 1
10	  3.818075060122079	  6.653417142719673	  1.329831494039085
System99	 1
10	  5.707038849997809	  4.146412547754044	  1.347249590065849
System100	 1
10	  7.507620112102305	  1.575194130413250	  1.329854257491804
System101	 1
10	  7.507620139233579	 -1.575186151823337	  1.329863554797567
System102	 1
10	  5.147923854157254	 -5.687229511008240	 -1.329815447051272
System103	 1
10	  2.179898861382462	 -6.709033877995441	 -1.347225403390993
System104	 1
10	 -0.821885355502793	 -7.626938162852507	 -1.329822305698964
System105	 1
10	 -3.818075060122079	 -6.653417142719673	 -1.329831494039082
System106	 1
10	 -5.707038849997809	 -4.146412547754044	 -1.347249590065846
System107	 1
10	 -7.507620112102305	 -1.575194130413250	 -1.329854257491801
System108	 1
10	 -7.507620139233579	  1.575186151823334	 -1.329863554797567
System109	 1
10	 -5.707038921416075	  4.146404497459635	 -1.347274063573425
System110	 1
10	 -3.818075174721310	  6.653409227724850	 -1.329870764737355
System111	 1
10	 -0.821885486870072	  7.626930299501710	 -1.329867322448200
System112	 1
10	  2.179898745825282	  6.709025963644763	 -1.347265002358076
System113	 1
10	  5.147923756199759	  5.687221750556459	 -1.329849014983328
System114	 1
10	  6.999670847165036	  3.138510579442202	 -1.329837590225868
System115	 1
10	  7.054294362750514	 -0.000003915166414	 -1.347234928711433
System116	 1
10	  6.999670901223205	 -3.138518307976216	 -1.329819065650540
System117	 1
10	  3.491676573364489	 -5.687237434042912	 -4.009692471766266
System118	 1
10	  0.518057051555679	 -6.653425014110319	 -4.009695888124808
System119	 1
10	 -2.461613074136830	 -7.576103847622067	 -3.982970140718285
System120	 1
10	 -4.329879727260834	 -5.078234914772922	 -4.009710755171419
System121	 1
10	 -6.167677688275784	 -2.548723073580756	 -4.009722093866679
System122	 1
10	 -7.965966225740891	 -0.000011823123070	 -3.983004101025303
System123	 1
10	 -6.167677732175107	  2.548699300565525	 -4.009737137223408
System124	 1
10	 -4.329879814728788	  5.078211173435017	 -4.009740728563927
System125	 1
10	 -2.461613204628396	  7.576080296252079	 -3.983014857379877
System126	 1
10	  0.518056936956448	  6.653401356334201	 -4.009735158823078
System127	 1
10	  3.491676475406995	  5.687213827521787	 -4.009726039698323
System128	 1
10	  6.444617200101352	  4.682270703427148	 -3.982987544865582
System129	 1
10	  6.487866207157555	  1.563312525152366	 -4.009707554052441
System130	 1
10	  6.487866234084449	 -1.563336080029465	 -4.009698326782878
System131	 1
10	  6.444617280749576	 -4.682294101284300	 -3.982959908448857
System132	 1
10	  1.347261862534782	 -4.146425353442434	 -5.707026648928337
System133	 1
10	 -1.650002702534125	 -5.078239779559880	 -5.665958035957040
System134	 1
10	 -3.527133710251535	 -2.562638271057783	 -5.707041597115469
System135	 1
10	 -5.339547754514349	 -0.000016767253456	 -5.665980799409760
System136	 1
10	 -3.527133754390450	  2.562604525368745	 -5.707056722574976
System137	 1
10	 -1.650002790002081	  5.078206308648056	 -5.665988009349548
System138	 1
10	  1.347261791116516	  4.146391691771243	 -5.707051122435912
System139	 1
10	  4.319806453067751	  3.138497759702808	 -5.665969701884676
System140	 1
10	  4.359803956989822	 -0.000016804872652	 -5.707032535900121
System141	 1
10	  4.319806507125923	 -3.138531127715611	 -5.665951177309347
System142	 1
10	 -0.828111035390284	 -2.548732766508447	 -7.309740217018077
System143	 1
10	 -2.679858126355560	 -0.000021595394186	 -7.309751641775537
System144	 1
10	 -0.828111079289610	  2.548689607637836	 -7.309755260374806
System145	 1
10	  2.168078625329676	  1.575168587505001	 -7.309746072034685
System146	 1
10	  2.168078652460951	 -1.575211694731586	 -7.309736774728923
System147	 1
10	  0.000018772392089	 -0.000026283794054	 -8.906230379769294
