   0.0000000000E+000                  1524429
   2.1300000000E-001                  3038272
   4.2600000000E-001                  3037015
   6.3900000000E-001                  3045634
   8.5200000000E-001                  3052168
   1.0650000000E+000                  3030677
   1.2780000000E+000                  3013173
   1.4910000000E+000                  3018343
   1.7040000000E+000                  3034454
   1.9170000000E+000                  3054279
   2.1300000000E+000                  3063778
   2.3430000000E+000                  3053374
   2.5560000000E+000                  3040130
   2.7690000000E+000                  3011292
   2.9820000000E+000                  2796708
   3.1950000000E+000                  2607531
   3.4080000000E+000                  2550314
   3.6210000000E+000                  2544322
   3.8340000000E+000                  2542010
   4.0470000000E+000                  2532088
   4.2600000000E+000                  2479849
   4.4730000000E+000                  2439797
   4.6860000000E+000                  2431993
   4.8990000000E+000                  2386711
   5.1120000000E+000                  2257310
   5.3250000000E+000                  2124684
   5.5380000000E+000                  2048407
   5.7510000000E+000                  1949933
   5.9640000000E+000                  1849756
   6.1770000000E+000                  1798576
   6.3900000000E+000                  1780507
   6.6030000000E+000                  1752519
   6.8160000000E+000                  1691850
   7.0290000000E+000                  1632808
   7.2420000000E+000                  1581769
   7.4550000000E+000                  1514108
   7.6680000000E+000                  1399696
   7.8810000000E+000                  1300813
   8.0940000000E+000                  1211448
   8.3070000000E+000                  1142354
   8.5200000000E+000                  1089496
   8.7330000000E+000                  1036311
   8.9460000000E+000                  1005565
   9.1590000000E+000                   971107
   9.3720000000E+000                   923059
   9.5850000000E+000                   869060
   9.7980000000E+000                   806744
   1.0011000000E+001                   730846
   1.0224000000E+001                   664902
   1.0437000000E+001                   599419
   1.0650000000E+001                   539351
   1.0863000000E+001                   497812
   1.1076000000E+001                   479547
   1.1289000000E+001                   464014
   1.1502000000E+001                   436716
   1.1715000000E+001                   391437
   1.1928000000E+001                   352330
   1.2141000000E+001                   315196
   1.2354000000E+001                   269303
   1.2567000000E+001                   224333
   1.2780000000E+001                   196660
   1.2993000000E+001                   176749
   1.3206000000E+001                   152680
   1.3419000000E+001                   134977
   1.3632000000E+001                   127214
   1.3845000000E+001                   121532
   1.4058000000E+001                   107953
   1.4271000000E+001                    79961
   1.4484000000E+001                    55160
   1.4697000000E+001                    42140
   1.4910000000E+001                    29901
   1.5123000000E+001                    18623
   1.5336000000E+001                    11455
   1.5549000000E+001                     7867
   1.5762000000E+001                     6276
   1.5975000000E+001                     4284
   1.6188000000E+001                     2088
   1.6401000000E+001                      991
   1.6614000000E+001                      634
   1.6827000000E+001                      535
   1.7040000000E+001                      422
   1.7253000000E+001                      293
   1.7466000000E+001                      129
   1.7679000000E+001                       49
   1.7892000000E+001                        0
   1.8105000000E+001                        0
   1.8318000000E+001                        0
   1.8531000000E+001                        0
   1.8744000000E+001                        0
   1.8957000000E+001                        0
   1.9170000000E+001                        0
   1.9383000000E+001                        0
   1.9596000000E+001                        0
   1.9809000000E+001                        0
   2.0022000000E+001                        0
   2.0235000000E+001                        0
   2.0448000000E+001                        0
   2.0661000000E+001                        0
   2.0874000000E+001                        0
   2.1087000000E+001                        0
   2.1300000000E+001                        0
