   0.0000000000E+000                  1489038
   2.1300000000E-001                  2976438
   4.2600000000E-001                  2977225
   6.3900000000E-001                  2973054
   8.5200000000E-001                  2966772
   1.0650000000E+000                  2969096
   1.2780000000E+000                  2964364
   1.4910000000E+000                  2964819
   1.7040000000E+000                  2967713
   1.9170000000E+000                  2977461
   2.1300000000E+000                  2983923
   2.3430000000E+000                  2986550
   2.5560000000E+000                  2980257
   2.7690000000E+000                  2941598
   2.9820000000E+000                  2778543
   3.1950000000E+000                  2615379
   3.4080000000E+000                  2533376
   3.6210000000E+000                  2505107
   3.8340000000E+000                  2490809
   4.0470000000E+000                  2474416
   4.2600000000E+000                  2446954
   4.4730000000E+000                  2415144
   4.6860000000E+000                  2387759
   4.8990000000E+000                  2336350
   5.1120000000E+000                  2251559
   5.3250000000E+000                  2142728
   5.5380000000E+000                  2050871
   5.7510000000E+000                  1958506
   5.9640000000E+000                  1871962
   6.1770000000E+000                  1803969
   6.3900000000E+000                  1763713
   6.6030000000E+000                  1727843
   6.8160000000E+000                  1693112
   7.0290000000E+000                  1645715
   7.2420000000E+000                  1587097
   7.4550000000E+000                  1522307
   7.6680000000E+000                  1429929
   7.8810000000E+000                  1336855
   8.0940000000E+000                  1258637
   8.3070000000E+000                  1185500
   8.5200000000E+000                  1121096
   8.7330000000E+000                  1067846
   8.9460000000E+000                  1023475
   9.1590000000E+000                   982548
   9.3720000000E+000                   944386
   9.5850000000E+000                   897252
   9.7980000000E+000                   841062
   1.0011000000E+001                   780780
   1.0224000000E+001                   716688
   1.0437000000E+001                   651257
   1.0650000000E+001                   589505
   1.0863000000E+001                   542895
   1.1076000000E+001                   507829
   1.1289000000E+001                   482615
   1.1502000000E+001                   455540
   1.1715000000E+001                   424173
   1.1928000000E+001                   388165
   1.2141000000E+001                   349034
   1.2354000000E+001                   309077
   1.2567000000E+001                   270272
   1.2780000000E+001                   236900
   1.2993000000E+001                   209460
   1.3206000000E+001                   184289
   1.3419000000E+001                   161056
   1.3632000000E+001                   143955
   1.3845000000E+001                   131110
   1.4058000000E+001                   119240
   1.4271000000E+001                   103099
   1.4484000000E+001                    86454
   1.4697000000E+001                    68120
   1.4910000000E+001                    52377
   1.5123000000E+001                    38721
   1.5336000000E+001                    28149
   1.5549000000E+001                    19937
   1.5762000000E+001                    14166
   1.5975000000E+001                    10816
   1.6188000000E+001                     7640
   1.6401000000E+001                     5447
   1.6614000000E+001                     3650
   1.6827000000E+001                     2337
   1.7040000000E+001                     1658
   1.7253000000E+001                     1199
   1.7466000000E+001                      858
   1.7679000000E+001                      608
   1.7892000000E+001                      366
   1.8105000000E+001                      199
   1.8318000000E+001                      113
   1.8531000000E+001                       68
   1.8744000000E+001                       36
   1.8957000000E+001                       21
   1.9170000000E+001                        6
   1.9383000000E+001                        2
   1.9596000000E+001                        0
   1.9809000000E+001                        0
   2.0022000000E+001                        0
   2.0235000000E+001                        0
   2.0448000000E+001                        0
   2.0661000000E+001                        0
   2.0874000000E+001                        0
   2.1087000000E+001                        0
   2.1300000000E+001                        0
