   0.0000000000E+000                        0
   2.1300000000E-001                        0
   4.2600000000E-001                        0
   6.3900000000E-001                        0
   8.5200000000E-001                        0
   1.0650000000E+000                        0
   1.2780000000E+000                        0
   1.4910000000E+000                        0
   1.7040000000E+000                        0
   1.9170000000E+000                        0
   2.1300000000E+000                        0
   2.3430000000E+000                        0
   2.5560000000E+000                      184
   2.7690000000E+000                   643128
   2.9820000000E+000                  3956931
   3.1950000000E+000                  2023159
   3.4080000000E+000                   305874
   3.6210000000E+000                    28903
   3.8340000000E+000                    28638
   4.0470000000E+000                   454604
   4.2600000000E+000                  1204864
   4.4730000000E+000                   621566
   4.6860000000E+000                   312915
   4.8990000000E+000                  1490612
   5.1120000000E+000                  3072396
   5.3250000000E+000                  2788917
   5.5380000000E+000                  1721751
   5.7510000000E+000                  2984305
   5.9640000000E+000                  2609401
   6.1770000000E+000                  1177692
   6.3900000000E+000                   551595
   6.6030000000E+000                   963810
   6.8160000000E+000                  1707640
   7.0290000000E+000                  2043931
   7.2420000000E+000                  1765524
   7.4550000000E+000                  2880511
   7.6680000000E+000                  3828073
   7.8810000000E+000                  3244321
   8.0940000000E+000                  3002348
   8.3070000000E+000                  2339115
   8.5200000000E+000                  2354156
   8.7330000000E+000                  2261723
   8.9460000000E+000                  1564620
   9.1590000000E+000                  1414676
   9.3720000000E+000                  2021005
   9.5850000000E+000                  2131670
   9.7980000000E+000                  2884529
   1.0011000000E+001                  3410790
   1.0224000000E+001                  3467351
   1.0437000000E+001                  3245408
   1.0650000000E+001                  2677634
   1.0863000000E+001                  1688793
   1.1076000000E+001                   990301
   1.1289000000E+001                  1057245
   1.1502000000E+001                  1866893
   1.1715000000E+001                  2385887
   1.1928000000E+001                  2218090
   1.2141000000E+001                  2155965
   1.2354000000E+001                  2447266
   1.2567000000E+001                  2226364
   1.2780000000E+001                  1545039
   1.2993000000E+001                  1402498
   1.3206000000E+001                  1529428
   1.3419000000E+001                  1235177
   1.3632000000E+001                   733554
   1.3845000000E+001                   518295
   1.4058000000E+001                   878501
   1.4271000000E+001                  1458454
   1.4484000000E+001                  1398477
   1.4697000000E+001                  1060740
   1.4910000000E+001                   918080
   1.5123000000E+001                   797534
   1.5336000000E+001                   563584
   1.5549000000E+001                   277618
   1.5762000000E+001                   131961
   1.5975000000E+001                   173174
   1.6188000000E+001                   195900
   1.6401000000E+001                   129976
   1.6614000000E+001                    61227
   1.6827000000E+001                    15643
   1.7040000000E+001                     3843
   1.7253000000E+001                    12126
   1.7466000000E+001                    19470
   1.7679000000E+001                    14422
   1.7892000000E+001                     8382
   1.8105000000E+001                     3285
   1.8318000000E+001                      499
   1.8531000000E+001                       39
   1.8744000000E+001                        0
   1.8957000000E+001                        0
   1.9170000000E+001                        0
   1.9383000000E+001                        0
   1.9596000000E+001                        0
   1.9809000000E+001                        0
   2.0022000000E+001                        0
   2.0235000000E+001                        0
   2.0448000000E+001                        0
   2.0661000000E+001                        0
   2.0874000000E+001                        0
   2.1087000000E+001                        0
   2.1300000000E+001                        0
