   0.0000000000E+000                  1358442
   2.1300000000E-001                  2716728
   4.2600000000E-001                  2721274
   6.3900000000E-001                  2720937
   8.5200000000E-001                  2719565
   1.0650000000E+000                  2726147
   1.2780000000E+000                  2726230
   1.4910000000E+000                  2723593
   1.7040000000E+000                  2727456
   1.9170000000E+000                  2726445
   2.1300000000E+000                  2726888
   2.3430000000E+000                  2726693
   2.5560000000E+000                  2731419
   2.7690000000E+000                  2704386
   2.9820000000E+000                  2601851
   3.1950000000E+000                  2498359
   3.4080000000E+000                  2431486
   3.6210000000E+000                  2389333
   3.8340000000E+000                  2357613
   4.0470000000E+000                  2335055
   4.2600000000E+000                  2306203
   4.4730000000E+000                  2275047
   4.6860000000E+000                  2239938
   4.8990000000E+000                  2197021
   5.1120000000E+000                  2145081
   5.3250000000E+000                  2081605
   5.5380000000E+000                  2018404
   5.7510000000E+000                  1948698
   5.9640000000E+000                  1882500
   6.1770000000E+000                  1822904
   6.3900000000E+000                  1773259
   6.6030000000E+000                  1726747
   6.8160000000E+000                  1681717
   7.0290000000E+000                  1636333
   7.2420000000E+000                  1586407
   7.4550000000E+000                  1531429
   7.6680000000E+000                  1473661
   7.8810000000E+000                  1412146
   8.0940000000E+000                  1351877
   8.3070000000E+000                  1295279
   8.5200000000E+000                  1236728
   8.7330000000E+000                  1181726
   8.9460000000E+000                  1134170
   9.1590000000E+000                  1085967
   9.3720000000E+000                  1040116
   9.5850000000E+000                   995278
   9.7980000000E+000                   944936
   1.0011000000E+001                   899783
   1.0224000000E+001                   848063
   1.0437000000E+001                   801376
   1.0650000000E+001                   753901
   1.0863000000E+001                   708542
   1.1076000000E+001                   664887
   1.1289000000E+001                   625309
   1.1502000000E+001                   587469
   1.1715000000E+001                   551736
   1.1928000000E+001                   514455
   1.2141000000E+001                   480000
   1.2354000000E+001                   447025
   1.2567000000E+001                   412388
   1.2780000000E+001                   382894
   1.2993000000E+001                   349892
   1.3206000000E+001                   322147
   1.3419000000E+001                   293511
   1.3632000000E+001                   268143
   1.3845000000E+001                   245619
   1.4058000000E+001                   222605
   1.4271000000E+001                   200002
   1.4484000000E+001                   181881
   1.4697000000E+001                   162026
   1.4910000000E+001                   143952
   1.5123000000E+001                   127909
   1.5336000000E+001                   112670
   1.5549000000E+001                    99946
   1.5762000000E+001                    86902
   1.5975000000E+001                    75665
   1.6188000000E+001                    65462
   1.6401000000E+001                    55593
   1.6614000000E+001                    46350
   1.6827000000E+001                    40083
   1.7040000000E+001                    33305
   1.7253000000E+001                    27272
   1.7466000000E+001                    21789
   1.7679000000E+001                    17899
   1.7892000000E+001                    14269
   1.8105000000E+001                    11157
   1.8318000000E+001                     8842
   1.8531000000E+001                     6728
   1.8744000000E+001                     4922
   1.8957000000E+001                     3662
   1.9170000000E+001                     2606
   1.9383000000E+001                     1738
   1.9596000000E+001                     1075
   1.9809000000E+001                      655
   2.0022000000E+001                      422
   2.0235000000E+001                      238
   2.0448000000E+001                      115
   2.0661000000E+001                       34
   2.0874000000E+001                        8
   2.1087000000E+001                        1
   2.1300000000E+001                        0
