   0.0000000000E+000                  1357116
   2.1300000000E-001                  2711667
   4.2600000000E-001                  2710043
   6.3900000000E-001                  2708998
   8.5200000000E-001                  2709333
   1.0650000000E+000                  2710351
   1.2780000000E+000                  2713678
   1.4910000000E+000                  2714328
   1.7040000000E+000                  2714252
   1.9170000000E+000                  2715974
   2.1300000000E+000                  2720816
   2.3430000000E+000                  2724114
   2.5560000000E+000                  2728113
   2.7690000000E+000                  2695796
   2.9820000000E+000                  2595705
   3.1950000000E+000                  2487166
   3.4080000000E+000                  2426481
   3.6210000000E+000                  2383410
   3.8340000000E+000                  2349793
   4.0470000000E+000                  2322179
   4.2600000000E+000                  2297015
   4.4730000000E+000                  2271322
   4.6860000000E+000                  2235715
   4.8990000000E+000                  2195427
   5.1120000000E+000                  2142714
   5.3250000000E+000                  2082269
   5.5380000000E+000                  2017938
   5.7510000000E+000                  1947957
   5.9640000000E+000                  1878326
   6.1770000000E+000                  1823407
   6.3900000000E+000                  1771308
   6.6030000000E+000                  1727881
   6.8160000000E+000                  1680324
   7.0290000000E+000                  1633669
   7.2420000000E+000                  1585000
   7.4550000000E+000                  1534615
   7.6680000000E+000                  1476378
   7.8810000000E+000                  1416383
   8.0940000000E+000                  1356084
   8.3070000000E+000                  1296945
   8.5200000000E+000                  1241766
   8.7330000000E+000                  1188689
   8.9460000000E+000                  1134673
   9.1590000000E+000                  1090235
   9.3720000000E+000                  1042550
   9.5850000000E+000                   996679
   9.7980000000E+000                   950755
   1.0011000000E+001                   904059
   1.0224000000E+001                   857428
   1.0437000000E+001                   807804
   1.0650000000E+001                   760662
   1.0863000000E+001                   716713
   1.1076000000E+001                   672473
   1.1289000000E+001                   630731
   1.1502000000E+001                   592127
   1.1715000000E+001                   555613
   1.1928000000E+001                   518723
   1.2141000000E+001                   486098
   1.2354000000E+001                   452205
   1.2567000000E+001                   419199
   1.2780000000E+001                   388505
   1.2993000000E+001                   357798
   1.3206000000E+001                   328013
   1.3419000000E+001                   299310
   1.3632000000E+001                   272094
   1.3845000000E+001                   248448
   1.4058000000E+001                   226910
   1.4271000000E+001                   203461
   1.4484000000E+001                   185033
   1.4697000000E+001                   165579
   1.4910000000E+001                   148182
   1.5123000000E+001                   132472
   1.5336000000E+001                   116820
   1.5549000000E+001                   101877
   1.5762000000E+001                    89195
   1.5975000000E+001                    77467
   1.6188000000E+001                    67043
   1.6401000000E+001                    57450
   1.6614000000E+001                    48915
   1.6827000000E+001                    40991
   1.7040000000E+001                    34470
   1.7253000000E+001                    28647
   1.7466000000E+001                    23851
   1.7679000000E+001                    18886
   1.7892000000E+001                    15094
   1.8105000000E+001                    11582
   1.8318000000E+001                     9214
   1.8531000000E+001                     6884
   1.8744000000E+001                     5103
   1.8957000000E+001                     3861
   1.9170000000E+001                     2903
   1.9383000000E+001                     1910
   1.9596000000E+001                     1274
   1.9809000000E+001                      793
   2.0022000000E+001                      437
   2.0235000000E+001                      212
   2.0448000000E+001                      108
   2.0661000000E+001                       27
   2.0874000000E+001                        7
   2.1087000000E+001                        2
   2.1300000000E+001                        0
