   0.0000000000E+000                  1303156
   2.1300000000E-001                  2606924
   4.2600000000E-001                  2606213
   6.3900000000E-001                  2603347
   8.5200000000E-001                  2605921
   1.0650000000E+000                  2604798
   1.2780000000E+000                  2604129
   1.4910000000E+000                  2599824
   1.7040000000E+000                  2597526
   1.9170000000E+000                  2591190
   2.1300000000E+000                  2591198
   2.3430000000E+000                  2589029
   2.5560000000E+000                  2587649
   2.7690000000E+000                  2573074
   2.9820000000E+000                  2521085
   3.1950000000E+000                  2451095
   3.4080000000E+000                  2390051
   3.6210000000E+000                  2340419
   3.8340000000E+000                  2296914
   4.0470000000E+000                  2262318
   4.2600000000E+000                  2228987
   4.4730000000E+000                  2196175
   4.6860000000E+000                  2158844
   4.8990000000E+000                  2122634
   5.1120000000E+000                  2081301
   5.3250000000E+000                  2039546
   5.5380000000E+000                  1988369
   5.7510000000E+000                  1936895
   5.9640000000E+000                  1884240
   6.1770000000E+000                  1831009
   6.3900000000E+000                  1777874
   6.6030000000E+000                  1724929
   6.8160000000E+000                  1675780
   7.0290000000E+000                  1629693
   7.2420000000E+000                  1579847
   7.4550000000E+000                  1535309
   7.6680000000E+000                  1488262
   7.8810000000E+000                  1437332
   8.0940000000E+000                  1389063
   8.3070000000E+000                  1336806
   8.5200000000E+000                  1288821
   8.7330000000E+000                  1233056
   8.9460000000E+000                  1184367
   9.1590000000E+000                  1139516
   9.3720000000E+000                  1090028
   9.5850000000E+000                  1042505
   9.7980000000E+000                   997568
   1.0011000000E+001                   953378
   1.0224000000E+001                   911460
   1.0437000000E+001                   866589
   1.0650000000E+001                   820654
   1.0863000000E+001                   780360
   1.1076000000E+001                   739597
   1.1289000000E+001                   700423
   1.1502000000E+001                   658987
   1.1715000000E+001                   622660
   1.1928000000E+001                   583881
   1.2141000000E+001                   549983
   1.2354000000E+001                   517601
   1.2567000000E+001                   482511
   1.2780000000E+001                   449015
   1.2993000000E+001                   418412
   1.3206000000E+001                   389544
   1.3419000000E+001                   359474
   1.3632000000E+001                   331978
   1.3845000000E+001                   305840
   1.4058000000E+001                   280439
   1.4271000000E+001                   258895
   1.4484000000E+001                   234699
   1.4697000000E+001                   213469
   1.4910000000E+001                   194240
   1.5123000000E+001                   175412
   1.5336000000E+001                   157699
   1.5549000000E+001                   141146
   1.5762000000E+001                   126447
   1.5975000000E+001                   111470
   1.6188000000E+001                    98493
   1.6401000000E+001                    86187
   1.6614000000E+001                    74795
   1.6827000000E+001                    65727
   1.7040000000E+001                    55802
   1.7253000000E+001                    47434
   1.7466000000E+001                    40656
   1.7679000000E+001                    33571
   1.7892000000E+001                    28528
   1.8105000000E+001                    23476
   1.8318000000E+001                    18966
   1.8531000000E+001                    14891
   1.8744000000E+001                    11930
   1.8957000000E+001                     8853
   1.9170000000E+001                     6766
   1.9383000000E+001                     4992
   1.9596000000E+001                     3456
   1.9809000000E+001                     2075
   2.0022000000E+001                     1312
   2.0235000000E+001                      747
   2.0448000000E+001                      337
   2.0661000000E+001                      106
   2.0874000000E+001                       21
   2.1087000000E+001                        0
   2.1300000000E+001                        0
