   0.0000000000E+000                        0
   2.1300000000E-001                        0
   4.2600000000E-001                        0
   6.3900000000E-001                        0
   8.5200000000E-001                        0
   1.0650000000E+000                        0
   1.2780000000E+000                        0
   1.4910000000E+000                        0
   1.7040000000E+000                        0
   1.9170000000E+000                        0
   2.1300000000E+000                        0
   2.3430000000E+000                        0
   2.5560000000E+000                     6884
   2.7690000000E+000                   811302
   2.9820000000E+000                  2813436
   3.1950000000E+000                  2066717
   3.4080000000E+000                   838632
   3.6210000000E+000                   302941
   3.8340000000E+000                   195505
   4.0470000000E+000                   402030
   4.2600000000E+000                   727582
   4.4730000000E+000                   711244
   4.6860000000E+000                   639869
   4.8990000000E+000                  1280849
   5.1120000000E+000                  2245155
   5.3250000000E+000                  2464953
   5.5380000000E+000                  2224608
   5.7510000000E+000                  2538916
   5.9640000000E+000                  2479372
   6.1770000000E+000                  1710351
   6.3900000000E+000                  1050111
   6.6030000000E+000                   962313
   6.8160000000E+000                  1336424
   7.0290000000E+000                  1736690
   7.2420000000E+000                  1891860
   7.4550000000E+000                  2424938
   7.6680000000E+000                  3152464
   7.8810000000E+000                  3254638
   8.0940000000E+000                  2961613
   8.3070000000E+000                  2628523
   8.5200000000E+000                  2429625
   8.7330000000E+000                  2300310
   8.9460000000E+000                  1937037
   9.1590000000E+000                  1638808
   9.3720000000E+000                  1754677
   9.5850000000E+000                  2062715
   9.7980000000E+000                  2411001
   1.0011000000E+001                  2813750
   1.0224000000E+001                  3146399
   1.0437000000E+001                  3228589
   1.0650000000E+001                  2928846
   1.0863000000E+001                  2337254
   1.1076000000E+001                  1685052
   1.1289000000E+001                  1329831
   1.1502000000E+001                  1443641
   1.1715000000E+001                  1808644
   1.1928000000E+001                  2080020
   1.2141000000E+001                  2190791
   1.2354000000E+001                  2229429
   1.2567000000E+001                  2177320
   1.2780000000E+001                  1954104
   1.2993000000E+001                  1679003
   1.3206000000E+001                  1526834
   1.3419000000E+001                  1385976
   1.3632000000E+001                  1158169
   1.3845000000E+001                   899186
   1.4058000000E+001                   805981
   1.4271000000E+001                   935743
   1.4484000000E+001                  1123794
   1.4697000000E+001                  1187214
   1.4910000000E+001                  1097236
   1.5123000000E+001                   955458
   1.5336000000E+001                   786589
   1.5549000000E+001                   590974
   1.5762000000E+001                   400123
   1.5975000000E+001                   267436
   1.6188000000E+001                   207087
   1.6401000000E+001                   173072
   1.6614000000E+001                   136463
   1.6827000000E+001                    92925
   1.7040000000E+001                    52861
   1.7253000000E+001                    27554
   1.7466000000E+001                    18419
   1.7679000000E+001                    16336
   1.7892000000E+001                    14203
   1.8105000000E+001                    10916
   1.8318000000E+001                     6773
   1.8531000000E+001                     3628
   1.8744000000E+001                     1517
   1.8957000000E+001                      559
   1.9170000000E+001                      149
   1.9383000000E+001                       38
   1.9596000000E+001                       16
   1.9809000000E+001                        5
   2.0022000000E+001                        0
   2.0235000000E+001                        0
   2.0448000000E+001                        0
   2.0661000000E+001                        0
   2.0874000000E+001                        0
   2.1087000000E+001                        0
   2.1300000000E+001                        0
