   0.0000000000E+000                        0
   2.1300000000E-001                        0
   4.2600000000E-001                        0
   6.3900000000E-001                        0
   8.5200000000E-001                        0
   1.0650000000E+000                        0
   1.2780000000E+000                        0
   1.4910000000E+000                        0
   1.7040000000E+000                        0
   1.9170000000E+000                        0
   2.1300000000E+000                        0
   2.3430000000E+000                       32
   2.5560000000E+000                    47919
   2.7690000000E+000                   660282
   2.9820000000E+000                  1263679
   3.1950000000E+000                  1146969
   3.4080000000E+000                   884009
   3.6210000000E+000                   704117
   3.8340000000E+000                   611691
   4.0470000000E+000                   582512
   4.2600000000E+000                   602316
   4.4730000000E+000                   666627
   4.6860000000E+000                   779977
   4.8990000000E+000                   947278
   5.1120000000E+000                  1155341
   5.3250000000E+000                  1359782
   5.5380000000E+000                  1535774
   5.7510000000E+000                  1648542
   5.9640000000E+000                  1671254
   6.1770000000E+000                  1617093
   6.3900000000E+000                  1549714
   6.6030000000E+000                  1513954
   6.8160000000E+000                  1510899
   7.0290000000E+000                  1552100
   7.2420000000E+000                  1640920
   7.4550000000E+000                  1754372
   7.6680000000E+000                  1875618
   7.8810000000E+000                  1993501
   8.0940000000E+000                  2080981
   8.3070000000E+000                  2132421
   8.5200000000E+000                  2145110
   8.7330000000E+000                  2139917
   8.9460000000E+000                  2108784
   9.1590000000E+000                  2092021
   9.3720000000E+000                  2081514
   9.5850000000E+000                  2080362
   9.7980000000E+000                  2097087
   1.0011000000E+001                  2117455
   1.0224000000E+001                  2150698
   1.0437000000E+001                  2179857
   1.0650000000E+001                  2198913
   1.0863000000E+001                  2198318
   1.1076000000E+001                  2179652
   1.1289000000E+001                  2145035
   1.1502000000E+001                  2109030
   1.1715000000E+001                  2065550
   1.1928000000E+001                  2021935
   1.2141000000E+001                  1980789
   1.2354000000E+001                  1941184
   1.2567000000E+001                  1903343
   1.2780000000E+001                  1860778
   1.2993000000E+001                  1820454
   1.3206000000E+001                  1779279
   1.3419000000E+001                  1729973
   1.3632000000E+001                  1665695
   1.3845000000E+001                  1609838
   1.4058000000E+001                  1546524
   1.4271000000E+001                  1479011
   1.4484000000E+001                  1405728
   1.4697000000E+001                  1336315
   1.4910000000E+001                  1272234
   1.5123000000E+001                  1201167
   1.5336000000E+001                  1131135
   1.5549000000E+001                  1062152
   1.5762000000E+001                   991277
   1.5975000000E+001                   921110
   1.6188000000E+001                   851657
   1.6401000000E+001                   787493
   1.6614000000E+001                   723085
   1.6827000000E+001                   657515
   1.7040000000E+001                   595934
   1.7253000000E+001                   535034
   1.7466000000E+001                   476489
   1.7679000000E+001                   420806
   1.7892000000E+001                   368241
   1.8105000000E+001                   321463
   1.8318000000E+001                   276753
   1.8531000000E+001                   235942
   1.8744000000E+001                   195681
   1.8957000000E+001                   160507
   1.9170000000E+001                   129701
   1.9383000000E+001                   102291
   1.9596000000E+001                    78295
   1.9809000000E+001                    57932
   2.0022000000E+001                    41036
   2.0235000000E+001                    26804
   2.0448000000E+001                    15917
   2.0661000000E+001                     8418
   2.0874000000E+001                     3381
   2.1087000000E+001                      708
   2.1300000000E+001                       19
