   0.0000000000E+000                  1373853
   2.1300000000E-001                  2745779
   4.2600000000E-001                  2740818
   6.3900000000E-001                  2746874
   8.5200000000E-001                  2753163
   1.0650000000E+000                  2754868
   1.2780000000E+000                  2752495
   1.4910000000E+000                  2754331
   1.7040000000E+000                  2753740
   1.9170000000E+000                  2757156
   2.1300000000E+000                  2756430
   2.3430000000E+000                  2760920
   2.5560000000E+000                  2763974
   2.7690000000E+000                  2730113
   2.9820000000E+000                  2618556
   3.1950000000E+000                  2508674
   3.4080000000E+000                  2448362
   3.6210000000E+000                  2403858
   3.8340000000E+000                  2372611
   4.0470000000E+000                  2350749
   4.2600000000E+000                  2321712
   4.4730000000E+000                  2292517
   4.6860000000E+000                  2257611
   4.8990000000E+000                  2218898
   5.1120000000E+000                  2155275
   5.3250000000E+000                  2089479
   5.5380000000E+000                  2019730
   5.7510000000E+000                  1951959
   5.9640000000E+000                  1881166
   6.1770000000E+000                  1823812
   6.3900000000E+000                  1774452
   6.6030000000E+000                  1725407
   6.8160000000E+000                  1682041
   7.0290000000E+000                  1635299
   7.2420000000E+000                  1587578
   7.4550000000E+000                  1528976
   7.6680000000E+000                  1467187
   7.8810000000E+000                  1408398
   8.0940000000E+000                  1345167
   8.3070000000E+000                  1282181
   8.5200000000E+000                  1225713
   8.7330000000E+000                  1175207
   8.9460000000E+000                  1121552
   9.1590000000E+000                  1071330
   9.3720000000E+000                  1024094
   9.5850000000E+000                   980230
   9.7980000000E+000                   935844
   1.0011000000E+001                   885516
   1.0224000000E+001                   836498
   1.0437000000E+001                   786370
   1.0650000000E+001                   737719
   1.0863000000E+001                   691711
   1.1076000000E+001                   651119
   1.1289000000E+001                   607608
   1.1502000000E+001                   571353
   1.1715000000E+001                   533043
   1.1928000000E+001                   497508
   1.2141000000E+001                   462668
   1.2354000000E+001                   430275
   1.2567000000E+001                   399597
   1.2780000000E+001                   366618
   1.2993000000E+001                   335991
   1.3206000000E+001                   305510
   1.3419000000E+001                   278796
   1.3632000000E+001                   252316
   1.3845000000E+001                   230358
   1.4058000000E+001                   207242
   1.4271000000E+001                   187443
   1.4484000000E+001                   167873
   1.4697000000E+001                   150141
   1.4910000000E+001                   133137
   1.5123000000E+001                   117861
   1.5336000000E+001                   103513
   1.5549000000E+001                    89635
   1.5762000000E+001                    78678
   1.5975000000E+001                    66912
   1.6188000000E+001                    57617
   1.6401000000E+001                    48801
   1.6614000000E+001                    41103
   1.6827000000E+001                    34071
   1.7040000000E+001                    28843
   1.7253000000E+001                    23789
   1.7466000000E+001                    19695
   1.7679000000E+001                    15531
   1.7892000000E+001                    12285
   1.8105000000E+001                     9344
   1.8318000000E+001                     7506
   1.8531000000E+001                     5462
   1.8744000000E+001                     4109
   1.8957000000E+001                     2999
   1.9170000000E+001                     2132
   1.9383000000E+001                     1444
   1.9596000000E+001                      907
   1.9809000000E+001                      574
   2.0022000000E+001                      341
   2.0235000000E+001                      174
   2.0448000000E+001                       91
   2.0661000000E+001                       28
   2.0874000000E+001                        6
   2.1087000000E+001                        0
   2.1300000000E+001                        0
