   0.0000000000E+000                  1415754
   2.1300000000E-001                  2829787
   4.2600000000E-001                  2843086
   6.3900000000E-001                  2864123
   8.5200000000E-001                  2879255
   1.0650000000E+000                  2876473
   1.2780000000E+000                  2869476
   1.4910000000E+000                  2862052
   1.7040000000E+000                  2859912
   1.9170000000E+000                  2863303
   2.1300000000E+000                  2847691
   2.3430000000E+000                  2822364
   2.5560000000E+000                  2805823
   2.7690000000E+000                  2827950
   2.9820000000E+000                  2783075
   3.1950000000E+000                  2619590
   3.4080000000E+000                  2494298
   3.6210000000E+000                  2440393
   3.8340000000E+000                  2417942
   4.0470000000E+000                  2389849
   4.2600000000E+000                  2364346
   4.4730000000E+000                  2329353
   4.6860000000E+000                  2294545
   4.8990000000E+000                  2259585
   5.1120000000E+000                  2206965
   5.3250000000E+000                  2132242
   5.5380000000E+000                  2062531
   5.7510000000E+000                  2000204
   5.9640000000E+000                  1922658
   6.1770000000E+000                  1827738
   6.3900000000E+000                  1751149
   6.6030000000E+000                  1702180
   6.8160000000E+000                  1664233
   7.0290000000E+000                  1627928
   7.2420000000E+000                  1583722
   7.4550000000E+000                  1532018
   7.6680000000E+000                  1475439
   7.8810000000E+000                  1410731
   8.0940000000E+000                  1335131
   8.3070000000E+000                  1263354
   8.5200000000E+000                  1203464
   8.7330000000E+000                  1146298
   8.9460000000E+000                  1083632
   9.1590000000E+000                  1021575
   9.3720000000E+000                   970926
   9.5850000000E+000                   927695
   9.7980000000E+000                   889667
   1.0011000000E+001                   851685
   1.0224000000E+001                   808928
   1.0437000000E+001                   757060
   1.0650000000E+001                   700678
   1.0863000000E+001                   638247
   1.1076000000E+001                   578526
   1.1289000000E+001                   532696
   1.1502000000E+001                   498343
   1.1715000000E+001                   471799
   1.1928000000E+001                   446090
   1.2141000000E+001                   412240
   1.2354000000E+001                   375445
   1.2567000000E+001                   340830
   1.2780000000E+001                   304184
   1.2993000000E+001                   271440
   1.3206000000E+001                   242223
   1.3419000000E+001                   217356
   1.3632000000E+001                   196372
   1.3845000000E+001                   171004
   1.4058000000E+001                   146082
   1.4271000000E+001                   127338
   1.4484000000E+001                   113055
   1.4697000000E+001                   103074
   1.4910000000E+001                    90214
   1.5123000000E+001                    75554
   1.5336000000E+001                    60664
   1.5549000000E+001                    47457
   1.5762000000E+001                    34732
   1.5975000000E+001                    25855
   1.6188000000E+001                    19182
   1.6401000000E+001                    14279
   1.6614000000E+001                    11351
   1.6827000000E+001                     8560
   1.7040000000E+001                     5552
   1.7253000000E+001                     3432
   1.7466000000E+001                     2112
   1.7679000000E+001                     1481
   1.7892000000E+001                     1119
   1.8105000000E+001                      841
   1.8318000000E+001                      676
   1.8531000000E+001                      448
   1.8744000000E+001                      202
   1.8957000000E+001                       77
   1.9170000000E+001                        9
   1.9383000000E+001                        2
   1.9596000000E+001                        1
   1.9809000000E+001                        0
   2.0022000000E+001                        0
   2.0235000000E+001                        0
   2.0448000000E+001                        0
   2.0661000000E+001                        0
   2.0874000000E+001                        0
   2.1087000000E+001                        0
   2.1300000000E+001                        0
