   0.0000000000E+000                        0
   2.1300000000E-001                        0
   4.2600000000E-001                        0
   6.3900000000E-001                        0
   8.5200000000E-001                        0
   1.0650000000E+000                        0
   1.2780000000E+000                        0
   1.4910000000E+000                        0
   1.7040000000E+000                        0
   1.9170000000E+000                        0
   2.1300000000E+000                        0
   2.3430000000E+000                        0
   2.5560000000E+000                    10317
   2.7690000000E+000                   821412
   2.9820000000E+000                  2594628
   3.1950000000E+000                  1990399
   3.4080000000E+000                   917020
   3.6210000000E+000                   394225
   3.8340000000E+000                   257990
   4.0470000000E+000                   402791
   4.2600000000E+000                   657774
   4.4730000000E+000                   695145
   4.6860000000E+000                   701609
   4.8990000000E+000                  1259607
   5.1120000000E+000                  2066911
   5.3250000000E+000                  2333664
   5.5380000000E+000                  2242263
   5.7510000000E+000                  2476985
   5.9640000000E+000                  2420201
   6.1770000000E+000                  1777868
   6.3900000000E+000                  1184799
   6.6030000000E+000                  1025549
   6.8160000000E+000                  1291800
   7.0290000000E+000                  1664028
   7.2420000000E+000                  1875286
   7.4550000000E+000                  2343763
   7.6680000000E+000                  2982852
   7.8810000000E+000                  3156722
   8.0940000000E+000                  2943101
   8.3070000000E+000                  2645004
   8.5200000000E+000                  2456679
   8.7330000000E+000                  2307742
   8.9460000000E+000                  2006120
   9.1590000000E+000                  1726095
   9.3720000000E+000                  1763410
   9.5850000000E+000                  2025572
   9.7980000000E+000                  2342541
   1.0011000000E+001                  2681343
   1.0224000000E+001                  2990386
   1.0437000000E+001                  3130181
   1.0650000000E+001                  2935805
   1.0863000000E+001                  2440667
   1.1076000000E+001                  1867741
   1.1289000000E+001                  1484137
   1.1502000000E+001                  1472423
   1.1715000000E+001                  1726105
   1.1928000000E+001                  1985843
   1.2141000000E+001                  2128901
   1.2354000000E+001                  2183879
   1.2567000000E+001                  2150943
   1.2780000000E+001                  1985478
   1.2993000000E+001                  1746820
   1.3206000000E+001                  1573332
   1.3419000000E+001                  1434769
   1.3632000000E+001                  1232880
   1.3845000000E+001                  1005074
   1.4058000000E+001                   880861
   1.4271000000E+001                   922822
   1.4484000000E+001                  1054268
   1.4697000000E+001                  1130349
   1.4910000000E+001                  1092293
   1.5123000000E+001                   987709
   1.5336000000E+001                   835942
   1.5549000000E+001                   660670
   1.5762000000E+001                   485446
   1.5975000000E+001                   343313
   1.6188000000E+001                   255500
   1.6401000000E+001                   204305
   1.6614000000E+001                   163403
   1.6827000000E+001                   123054
   1.7040000000E+001                    81919
   1.7253000000E+001                    51755
   1.7466000000E+001                    34373
   1.7679000000E+001                    25006
   1.7892000000E+001                    18777
   1.8105000000E+001                    14867
   1.8318000000E+001                    10599
   1.8531000000E+001                     6519
   1.8744000000E+001                     3799
   1.8957000000E+001                     2131
   1.9170000000E+001                      896
   1.9383000000E+001                      380
   1.9596000000E+001                      222
   1.9809000000E+001                      106
   2.0022000000E+001                       73
   2.0235000000E+001                       42
   2.0448000000E+001                       17
   2.0661000000E+001                        5
   2.0874000000E+001                        0
   2.1087000000E+001                        0
   2.1300000000E+001                        0
