   0.0000000000E+000                  1297894
   2.1300000000E-001                  2599257
   4.2600000000E-001                  2597636
   6.3900000000E-001                  2602460
   8.5200000000E-001                  2605218
   1.0650000000E+000                  2607654
   1.2780000000E+000                  2604789
   1.4910000000E+000                  2606464
   1.7040000000E+000                  2609521
   1.9170000000E+000                  2609210
   2.1300000000E+000                  2606504
   2.3430000000E+000                  2607335
   2.5560000000E+000                  2605270
   2.7690000000E+000                  2578572
   2.9820000000E+000                  2506968
   3.1950000000E+000                  2429814
   3.4080000000E+000                  2378508
   3.6210000000E+000                  2332621
   3.8340000000E+000                  2298239
   4.0470000000E+000                  2265859
   4.2600000000E+000                  2231937
   4.4730000000E+000                  2205973
   4.6860000000E+000                  2170887
   4.8990000000E+000                  2137611
   5.1120000000E+000                  2094026
   5.3250000000E+000                  2042713
   5.5380000000E+000                  1986451
   5.7510000000E+000                  1933227
   5.9640000000E+000                  1879691
   6.1770000000E+000                  1825905
   6.3900000000E+000                  1774247
   6.6030000000E+000                  1724591
   6.8160000000E+000                  1676456
   7.0290000000E+000                  1633965
   7.2420000000E+000                  1587851
   7.4550000000E+000                  1539691
   7.6680000000E+000                  1490493
   7.8810000000E+000                  1440680
   8.0940000000E+000                  1386626
   8.3070000000E+000                  1335029
   8.5200000000E+000                  1279893
   8.7330000000E+000                  1229209
   8.9460000000E+000                  1180560
   9.1590000000E+000                  1134273
   9.3720000000E+000                  1088388
   9.5850000000E+000                  1041344
   9.7980000000E+000                   996011
   1.0011000000E+001                   957779
   1.0224000000E+001                   908119
   1.0437000000E+001                   863130
   1.0650000000E+001                   820335
   1.0863000000E+001                   778670
   1.1076000000E+001                   736653
   1.1289000000E+001                   694815
   1.1502000000E+001                   654395
   1.1715000000E+001                   617295
   1.1928000000E+001                   583307
   1.2141000000E+001                   545811
   1.2354000000E+001                   512923
   1.2567000000E+001                   482343
   1.2780000000E+001                   447709
   1.2993000000E+001                   416434
   1.3206000000E+001                   387111
   1.3419000000E+001                   358931
   1.3632000000E+001                   329910
   1.3845000000E+001                   303920
   1.4058000000E+001                   278828
   1.4271000000E+001                   255995
   1.4484000000E+001                   233983
   1.4697000000E+001                   212243
   1.4910000000E+001                   193628
   1.5123000000E+001                   174844
   1.5336000000E+001                   157203
   1.5549000000E+001                   141910
   1.5762000000E+001                   124845
   1.5975000000E+001                   111516
   1.6188000000E+001                    98110
   1.6401000000E+001                    85436
   1.6614000000E+001                    75118
   1.6827000000E+001                    64565
   1.7040000000E+001                    55506
   1.7253000000E+001                    48279
   1.7466000000E+001                    40632
   1.7679000000E+001                    34253
   1.7892000000E+001                    28663
   1.8105000000E+001                    23158
   1.8318000000E+001                    18810
   1.8531000000E+001                    14980
   1.8744000000E+001                    11721
   1.8957000000E+001                     8908
   1.9170000000E+001                     6594
   1.9383000000E+001                     4902
   1.9596000000E+001                     3327
   1.9809000000E+001                     2263
   2.0022000000E+001                     1382
   2.0235000000E+001                      776
   2.0448000000E+001                      353
   2.0661000000E+001                      119
   2.0874000000E+001                       35
   2.1087000000E+001                        4
   2.1300000000E+001                        0
