   0.0000000000E+000                        0
   2.1300000000E-001                        0
   4.2600000000E-001                        0
   6.3900000000E-001                        0
   8.5200000000E-001                        0
   1.0650000000E+000                        0
   1.2780000000E+000                        0
   1.4910000000E+000                        0
   1.7040000000E+000                        0
   1.9170000000E+000                        0
   2.1300000000E+000                        0
   2.3430000000E+000                       85
   2.5560000000E+000                    64297
   2.7690000000E+000                   613287
   2.9820000000E+000                  1082548
   3.1950000000E+000                  1010700
   3.4080000000E+000                   820437
   3.6210000000E+000                   687485
   3.8340000000E+000                   621088
   4.0470000000E+000                   601624
   4.2600000000E+000                   618069
   4.4730000000E+000                   670432
   4.6860000000E+000                   763088
   4.8990000000E+000                   895028
   5.1120000000E+000                  1057049
   5.3250000000E+000                  1234733
   5.5380000000E+000                  1397684
   5.7510000000E+000                  1507566
   5.9640000000E+000                  1549054
   6.1770000000E+000                  1534999
   6.3900000000E+000                  1508739
   6.6030000000E+000                  1488883
   6.8160000000E+000                  1491900
   7.0290000000E+000                  1531040
   7.2420000000E+000                  1596794
   7.4550000000E+000                  1683432
   7.6680000000E+000                  1785269
   7.8810000000E+000                  1877378
   8.0940000000E+000                  1959062
   8.3070000000E+000                  2015901
   8.5200000000E+000                  2050138
   8.7330000000E+000                  2057475
   8.9460000000E+000                  2055039
   9.1590000000E+000                  2048376
   9.3720000000E+000                  2041599
   9.5850000000E+000                  2047877
   9.7980000000E+000                  2058020
   1.0011000000E+001                  2081561
   1.0224000000E+001                  2103173
   1.0437000000E+001                  2129880
   1.0650000000E+001                  2142024
   1.0863000000E+001                  2150055
   1.1076000000E+001                  2139968
   1.1289000000E+001                  2121826
   1.1502000000E+001                  2092462
   1.1715000000E+001                  2058533
   1.1928000000E+001                  2021744
   1.2141000000E+001                  1982907
   1.2354000000E+001                  1952790
   1.2567000000E+001                  1915380
   1.2780000000E+001                  1882853
   1.2993000000E+001                  1849756
   1.3206000000E+001                  1812986
   1.3419000000E+001                  1767068
   1.3632000000E+001                  1721150
   1.3845000000E+001                  1663573
   1.4058000000E+001                  1603491
   1.4271000000E+001                  1545268
   1.4484000000E+001                  1477832
   1.4697000000E+001                  1410710
   1.4910000000E+001                  1343230
   1.5123000000E+001                  1278085
   1.5336000000E+001                  1214208
   1.5549000000E+001                  1152190
   1.5762000000E+001                  1087341
   1.5975000000E+001                  1026592
   1.6188000000E+001                   961042
   1.6401000000E+001                   895196
   1.6614000000E+001                   828935
   1.6827000000E+001                   759810
   1.7040000000E+001                   694552
   1.7253000000E+001                   627561
   1.7466000000E+001                   565761
   1.7679000000E+001                   506988
   1.7892000000E+001                   451212
   1.8105000000E+001                   398895
   1.8318000000E+001                   350859
   1.8531000000E+001                   305519
   1.8744000000E+001                   265964
   1.8957000000E+001                   226142
   1.9170000000E+001                   187845
   1.9383000000E+001                   155089
   1.9596000000E+001                   121641
   1.9809000000E+001                    92463
   2.0022000000E+001                    66894
   2.0235000000E+001                    44886
   2.0448000000E+001                    27277
   2.0661000000E+001                    14119
   2.0874000000E+001                     5459
   2.1087000000E+001                     1054
   2.1300000000E+001                       26
