   0.0000000000E+000                        0
   2.1300000000E-001                        0
   4.2600000000E-001                        0
   6.3900000000E-001                        0
   8.5200000000E-001                        0
   1.0650000000E+000                        0
   1.2780000000E+000                        0
   1.4910000000E+000                        0
   1.7040000000E+000                        0
   1.9170000000E+000                        0
   2.1300000000E+000                        0
   2.3430000000E+000                        0
   2.5560000000E+000                     1718
   2.7690000000E+000                   761202
   2.9820000000E+000                  3352934
   3.1950000000E+000                  2116811
   3.4080000000E+000                   576830
   3.6210000000E+000                   124954
   3.8340000000E+000                    85610
   4.0470000000E+000                   435410
   4.2600000000E+000                   950148
   4.4730000000E+000                   703959
   4.6860000000E+000                   475487
   4.8990000000E+000                  1381362
   5.1120000000E+000                  2662411
   5.3250000000E+000                  2669141
   5.5380000000E+000                  2044813
   5.7510000000E+000                  2720484
   5.9640000000E+000                  2568603
   6.1770000000E+000                  1442528
   6.3900000000E+000                   765633
   6.6030000000E+000                   911343
   6.8160000000E+000                  1533084
   7.0290000000E+000                  1923531
   7.2420000000E+000                  1859484
   7.4550000000E+000                  2631443
   7.6680000000E+000                  3532074
   7.8810000000E+000                  3321645
   8.0940000000E+000                  2966095
   8.3070000000E+000                  2496174
   8.5200000000E+000                  2375902
   8.7330000000E+000                  2282320
   8.9460000000E+000                  1735829
   9.1590000000E+000                  1479090
   9.3720000000E+000                  1859976
   9.5850000000E+000                  2164372
   9.7980000000E+000                  2606668
   1.0011000000E+001                  3149650
   1.0224000000E+001                  3363007
   1.0437000000E+001                  3293627
   1.0650000000E+001                  2817504
   1.0863000000E+001                  2004889
   1.1076000000E+001                  1279367
   1.1289000000E+001                  1109066
   1.1502000000E+001                  1591491
   1.1715000000E+001                  2129072
   1.1928000000E+001                  2235174
   1.2141000000E+001                  2201116
   1.2354000000E+001                  2295760
   1.2567000000E+001                  2235733
   1.2780000000E+001                  1795947
   1.2993000000E+001                  1485146
   1.3206000000E+001                  1474055
   1.3419000000E+001                  1338711
   1.3632000000E+001                   955884
   1.3845000000E+001                   666486
   1.4058000000E+001                   759290
   1.4271000000E+001                  1153492
   1.4484000000E+001                  1344221
   1.4697000000E+001                  1195295
   1.4910000000E+001                   990921
   1.5123000000E+001                   847904
   1.5336000000E+001                   672065
   1.5549000000E+001                   428957
   1.5762000000E+001                   231493
   1.5975000000E+001                   171392
   1.6188000000E+001                   180448
   1.6401000000E+001                   158405
   1.6614000000E+001                   101682
   1.6827000000E+001                    49988
   1.7040000000E+001                    18205
   1.7253000000E+001                    10826
   1.7466000000E+001                    15638
   1.7679000000E+001                    16159
   1.7892000000E+001                    12156
   1.8105000000E+001                     7084
   1.8318000000E+001                     2719
   1.8531000000E+001                      729
   1.8744000000E+001                      152
   1.8957000000E+001                       21
   1.9170000000E+001                        5
   1.9383000000E+001                        0
   1.9596000000E+001                        0
   1.9809000000E+001                        0
   2.0022000000E+001                        0
   2.0235000000E+001                        0
   2.0448000000E+001                        0
   2.0661000000E+001                        0
   2.0874000000E+001                        0
   2.1087000000E+001                        0
   2.1300000000E+001                        0
