   0.0000000000E+000                  1429541
   2.1300000000E-001                  2861145
   4.2600000000E-001                  2862302
   6.3900000000E-001                  2861805
   8.5200000000E-001                  2861416
   1.0650000000E+000                  2852382
   1.2780000000E+000                  2848130
   1.4910000000E+000                  2843992
   1.7040000000E+000                  2840665
   1.9170000000E+000                  2843593
   2.1300000000E+000                  2838210
   2.3430000000E+000                  2833438
   2.5560000000E+000                  2827361
   2.7690000000E+000                  2817972
   2.9820000000E+000                  2747361
   3.1950000000E+000                  2620771
   3.4080000000E+000                  2525245
   3.6210000000E+000                  2460915
   3.8340000000E+000                  2414526
   4.0470000000E+000                  2380574
   4.2600000000E+000                  2347725
   4.4730000000E+000                  2316236
   4.6860000000E+000                  2290664
   4.8990000000E+000                  2248556
   5.1120000000E+000                  2199369
   5.3250000000E+000                  2129493
   5.5380000000E+000                  2062892
   5.7510000000E+000                  1985745
   5.9640000000E+000                  1913835
   6.1770000000E+000                  1830354
   6.3900000000E+000                  1765906
   6.6030000000E+000                  1709800
   6.8160000000E+000                  1659687
   7.0290000000E+000                  1613357
   7.2420000000E+000                  1564587
   7.4550000000E+000                  1515473
   7.6680000000E+000                  1458892
   7.8810000000E+000                  1395486
   8.0940000000E+000                  1330472
   8.3070000000E+000                  1264305
   8.5200000000E+000                  1196014
   8.7330000000E+000                  1138037
   8.9460000000E+000                  1079564
   9.1590000000E+000                  1020857
   9.3720000000E+000                   973489
   9.5850000000E+000                   924435
   9.7980000000E+000                   881231
   1.0011000000E+001                   836310
   1.0224000000E+001                   790004
   1.0437000000E+001                   738817
   1.0650000000E+001                   690224
   1.0863000000E+001                   644330
   1.1076000000E+001                   593988
   1.1289000000E+001                   550330
   1.1502000000E+001                   511025
   1.1715000000E+001                   472945
   1.1928000000E+001                   439093
   1.2141000000E+001                   405777
   1.2354000000E+001                   372253
   1.2567000000E+001                   342843
   1.2780000000E+001                   314737
   1.2993000000E+001                   283457
   1.3206000000E+001                   254839
   1.3419000000E+001                   229547
   1.3632000000E+001                   204255
   1.3845000000E+001                   181196
   1.4058000000E+001                   160159
   1.4271000000E+001                   140875
   1.4484000000E+001                   124925
   1.4697000000E+001                   109010
   1.4910000000E+001                    94746
   1.5123000000E+001                    81987
   1.5336000000E+001                    70476
   1.5549000000E+001                    58832
   1.5762000000E+001                    48723
   1.5975000000E+001                    39559
   1.6188000000E+001                    31750
   1.6401000000E+001                    25457
   1.6614000000E+001                    20242
   1.6827000000E+001                    15976
   1.7040000000E+001                    12267
   1.7253000000E+001                     9321
   1.7466000000E+001                     6853
   1.7679000000E+001                     4902
   1.7892000000E+001                     3471
   1.8105000000E+001                     2541
   1.8318000000E+001                     1681
   1.8531000000E+001                     1085
   1.8744000000E+001                      643
   1.8957000000E+001                      377
   1.9170000000E+001                      194
   1.9383000000E+001                       98
   1.9596000000E+001                       45
   1.9809000000E+001                       16
   2.0022000000E+001                       13
   2.0235000000E+001                        1
   2.0448000000E+001                        0
   2.0661000000E+001                        0
   2.0874000000E+001                        0
   2.1087000000E+001                        0
   2.1300000000E+001                        0
