   0.0000000000E+000                  1328568
   2.1300000000E-001                  2658983
   4.2600000000E-001                  2661535
   6.3900000000E-001                  2660677
   8.5200000000E-001                  2661729
   1.0650000000E+000                  2658999
   1.2780000000E+000                  2662000
   1.4910000000E+000                  2663278
   1.7040000000E+000                  2661199
   1.9170000000E+000                  2660527
   2.1300000000E+000                  2666317
   2.3430000000E+000                  2669340
   2.5560000000E+000                  2672668
   2.7690000000E+000                  2639738
   2.9820000000E+000                  2551454
   3.1950000000E+000                  2467029
   3.4080000000E+000                  2403176
   3.6210000000E+000                  2360610
   3.8340000000E+000                  2324786
   4.0470000000E+000                  2293343
   4.2600000000E+000                  2270422
   4.4730000000E+000                  2235122
   4.6860000000E+000                  2202286
   4.8990000000E+000                  2163844
   5.1120000000E+000                  2118956
   5.3250000000E+000                  2062604
   5.5380000000E+000                  2003676
   5.7510000000E+000                  1941696
   5.9640000000E+000                  1880590
   6.1770000000E+000                  1826395
   6.3900000000E+000                  1773323
   6.6030000000E+000                  1725044
   6.8160000000E+000                  1678899
   7.0290000000E+000                  1631865
   7.2420000000E+000                  1584199
   7.4550000000E+000                  1533835
   7.6680000000E+000                  1478231
   7.8810000000E+000                  1427396
   8.0940000000E+000                  1372915
   8.3070000000E+000                  1317435
   8.5200000000E+000                  1264110
   8.7330000000E+000                  1209391
   8.9460000000E+000                  1159229
   9.1590000000E+000                  1110719
   9.3720000000E+000                  1063009
   9.5850000000E+000                  1018238
   9.7980000000E+000                   972040
   1.0011000000E+001                   925415
   1.0224000000E+001                   879955
   1.0437000000E+001                   835353
   1.0650000000E+001                   792327
   1.0863000000E+001                   747358
   1.1076000000E+001                   704787
   1.1289000000E+001                   663052
   1.1502000000E+001                   623471
   1.1715000000E+001                   585803
   1.1928000000E+001                   549364
   1.2141000000E+001                   514166
   1.2354000000E+001                   480871
   1.2567000000E+001                   446711
   1.2780000000E+001                   415093
   1.2993000000E+001                   385899
   1.3206000000E+001                   357799
   1.3419000000E+001                   327719
   1.3632000000E+001                   301552
   1.3845000000E+001                   274816
   1.4058000000E+001                   250889
   1.4271000000E+001                   229902
   1.4484000000E+001                   207987
   1.4697000000E+001                   187740
   1.4910000000E+001                   168976
   1.5123000000E+001                   151388
   1.5336000000E+001                   135047
   1.5549000000E+001                   121121
   1.5762000000E+001                   106016
   1.5975000000E+001                    93565
   1.6188000000E+001                    80618
   1.6401000000E+001                    70722
   1.6614000000E+001                    61557
   1.6827000000E+001                    52980
   1.7040000000E+001                    44976
   1.7253000000E+001                    37296
   1.7466000000E+001                    31248
   1.7679000000E+001                    25960
   1.7892000000E+001                    21139
   1.8105000000E+001                    16901
   1.8318000000E+001                    13474
   1.8531000000E+001                    10565
   1.8744000000E+001                     7859
   1.8957000000E+001                     6199
   1.9170000000E+001                     4402
   1.9383000000E+001                     3105
   1.9596000000E+001                     2188
   1.9809000000E+001                     1464
   2.0022000000E+001                      899
   2.0235000000E+001                      488
   2.0448000000E+001                      269
   2.0661000000E+001                       91
   2.0874000000E+001                       31
   2.1087000000E+001                        2
   2.1300000000E+001                        0
