   0.0000000000E+000                  1506215
   2.1300000000E-001                  3034156
   4.2600000000E-001                  3056015
   6.3900000000E-001                  3065989
   8.5200000000E-001                  3073109
   1.0650000000E+000                  3058889
   1.2780000000E+000                  3016041
   1.4910000000E+000                  3017453
   1.7040000000E+000                  3046681
   1.9170000000E+000                  3070639
   2.1300000000E+000                  3071714
   2.3430000000E+000                  3043999
   2.5560000000E+000                  3028394
   2.7690000000E+000                  3033219
   2.9820000000E+000                  2803645
   3.1950000000E+000                  2605792
   3.4080000000E+000                  2564502
   3.6210000000E+000                  2553549
   3.8340000000E+000                  2557002
   4.0470000000E+000                  2531411
   4.2600000000E+000                  2473200
   4.4730000000E+000                  2440388
   4.6860000000E+000                  2434885
   4.8990000000E+000                  2380337
   5.1120000000E+000                  2253319
   5.3250000000E+000                  2125952
   5.5380000000E+000                  2054110
   5.7510000000E+000                  1954373
   5.9640000000E+000                  1849077
   6.1770000000E+000                  1800664
   6.3900000000E+000                  1782968
   6.6030000000E+000                  1752076
   6.8160000000E+000                  1690573
   7.0290000000E+000                  1620831
   7.2420000000E+000                  1577168
   7.4550000000E+000                  1511890
   7.6680000000E+000                  1396061
   7.8810000000E+000                  1297191
   8.0940000000E+000                  1209332
   8.3070000000E+000                  1144763
   8.5200000000E+000                  1093575
   8.7330000000E+000                  1040270
   8.9460000000E+000                   999147
   9.1590000000E+000                   968024
   9.3720000000E+000                   918422
   9.5850000000E+000                   861406
   9.7980000000E+000                   796340
   1.0011000000E+001                   726857
   1.0224000000E+001                   663147
   1.0437000000E+001                   593695
   1.0650000000E+001                   532652
   1.0863000000E+001                   498093
   1.1076000000E+001                   482945
   1.1289000000E+001                   464406
   1.1502000000E+001                   429706
   1.1715000000E+001                   378692
   1.1928000000E+001                   344501
   1.2141000000E+001                   307772
   1.2354000000E+001                   260490
   1.2567000000E+001                   217396
   1.2780000000E+001                   197007
   1.2993000000E+001                   177386
   1.3206000000E+001                   150151
   1.3419000000E+001                   132071
   1.3632000000E+001                   123872
   1.3845000000E+001                   118527
   1.4058000000E+001                   100801
   1.4271000000E+001                    72386
   1.4484000000E+001                    50529
   1.4697000000E+001                    40502
   1.4910000000E+001                    29013
   1.5123000000E+001                    17270
   1.5336000000E+001                    10313
   1.5549000000E+001                     8686
   1.5762000000E+001                     7201
   1.5975000000E+001                     4189
   1.6188000000E+001                     1721
   1.6401000000E+001                     1006
   1.6614000000E+001                      802
   1.6827000000E+001                      583
   1.7040000000E+001                      439
   1.7253000000E+001                      328
   1.7466000000E+001                       97
   1.7679000000E+001                       12
   1.7892000000E+001                        0
   1.8105000000E+001                        0
   1.8318000000E+001                        0
   1.8531000000E+001                        0
   1.8744000000E+001                        0
   1.8957000000E+001                        0
   1.9170000000E+001                        0
   1.9383000000E+001                        0
   1.9596000000E+001                        0
   1.9809000000E+001                        0
   2.0022000000E+001                        0
   2.0235000000E+001                        0
   2.0448000000E+001                        0
   2.0661000000E+001                        0
   2.0874000000E+001                        0
   2.1087000000E+001                        0
   2.1300000000E+001                        0
