   0.0000000000E+000                  1427144
   2.1300000000E-001                  2849624
   4.2600000000E-001                  2872863
   6.3900000000E-001                  2961977
   8.5200000000E-001                  3055554
   1.0650000000E+000                  3033611
   1.2780000000E+000                  2889146
   1.4910000000E+000                  2807502
   1.7040000000E+000                  2892996
   1.9170000000E+000                  3005063
   2.1300000000E+000                  2988464
   2.3430000000E+000                  2869079
   2.5560000000E+000                  2768023
   2.7690000000E+000                  2895067
   2.9820000000E+000                  2922037
   3.1950000000E+000                  2615373
   3.4080000000E+000                  2477282
   3.6210000000E+000                  2476078
   3.8340000000E+000                  2506192
   4.0470000000E+000                  2463650
   4.2600000000E+000                  2366299
   4.4730000000E+000                  2301343
   4.6860000000E+000                  2318771
   4.8990000000E+000                  2331115
   5.1120000000E+000                  2246573
   5.3250000000E+000                  2125913
   5.5380000000E+000                  2049967
   5.7510000000E+000                  2038047
   5.9640000000E+000                  1946678
   6.1770000000E+000                  1801233
   6.3900000000E+000                  1718046
   6.6030000000E+000                  1705998
   6.8160000000E+000                  1687052
   7.0290000000E+000                  1619667
   7.2420000000E+000                  1540477
   7.4550000000E+000                  1501950
   7.6680000000E+000                  1478403
   7.8810000000E+000                  1412677
   8.0940000000E+000                  1321526
   8.3070000000E+000                  1234493
   8.5200000000E+000                  1176987
   8.7330000000E+000                  1127022
   8.9460000000E+000                  1051564
   9.1590000000E+000                   968251
   9.3720000000E+000                   933151
   9.5850000000E+000                   918604
   9.7980000000E+000                   872338
   1.0011000000E+001                   812010
   1.0224000000E+001                   755022
   1.0437000000E+001                   715438
   1.0650000000E+001                   665308
   1.0863000000E+001                   595851
   1.1076000000E+001                   534748
   1.1289000000E+001                   495481
   1.1502000000E+001                   475673
   1.1715000000E+001                   451595
   1.1928000000E+001                   397391
   1.2141000000E+001                   352873
   1.2354000000E+001                   332902
   1.2567000000E+001                   306638
   1.2780000000E+001                   266783
   1.2993000000E+001                   228482
   1.3206000000E+001                   207010
   1.3419000000E+001                   194999
   1.3632000000E+001                   169310
   1.3845000000E+001                   139932
   1.4058000000E+001                   117038
   1.4271000000E+001                   103895
   1.4484000000E+001                    98357
   1.4697000000E+001                    81596
   1.4910000000E+001                    55888
   1.5123000000E+001                    45496
   1.5336000000E+001                    41710
   1.5549000000E+001                    29500
   1.5762000000E+001                    17514
   1.5975000000E+001                    13143
   1.6188000000E+001                    12361
   1.6401000000E+001                    10367
   1.6614000000E+001                     6167
   1.6827000000E+001                     2935
   1.7040000000E+001                     1657
   1.7253000000E+001                     1199
   1.7466000000E+001                      967
   1.7679000000E+001                      997
   1.7892000000E+001                      668
   1.8105000000E+001                      205
   1.8318000000E+001                       22
   1.8531000000E+001                        2
   1.8744000000E+001                        0
   1.8957000000E+001                        0
   1.9170000000E+001                        0
   1.9383000000E+001                        0
   1.9596000000E+001                        0
   1.9809000000E+001                        0
   2.0022000000E+001                        0
   2.0235000000E+001                        0
   2.0448000000E+001                        0
   2.0661000000E+001                        0
   2.0874000000E+001                        0
   2.1087000000E+001                        0
   2.1300000000E+001                        0
