   0.0000000000E+000                  1520505
   2.1300000000E-001                  3036964
   4.2600000000E-001                  3067326
   6.3900000000E-001                  3087225
   8.5200000000E-001                  3128457
   1.0650000000E+000                  3056834
   1.2780000000E+000                  2978711
   1.4910000000E+000                  2993110
   1.7040000000E+000                  3066859
   1.9170000000E+000                  3141417
   2.1300000000E+000                  3115787
   2.3430000000E+000                  3035981
   2.5560000000E+000                  3002315
   2.7690000000E+000                  3077608
   2.9820000000E+000                  2799986
   3.1950000000E+000                  2598282
   3.4080000000E+000                  2565018
   3.6210000000E+000                  2565867
   3.8340000000E+000                  2561513
   4.0470000000E+000                  2535806
   4.2600000000E+000                  2476352
   4.4730000000E+000                  2461301
   4.6860000000E+000                  2475859
   4.8990000000E+000                  2376575
   5.1120000000E+000                  2237146
   5.3250000000E+000                  2105638
   5.5380000000E+000                  2080797
   5.7510000000E+000                  1958635
   5.9640000000E+000                  1834444
   6.1770000000E+000                  1781799
   6.3900000000E+000                  1786126
   6.6030000000E+000                  1757772
   6.8160000000E+000                  1694129
   7.0290000000E+000                  1621808
   7.2420000000E+000                  1578375
   7.4550000000E+000                  1525574
   7.6680000000E+000                  1386538
   7.8810000000E+000                  1281554
   8.0940000000E+000                  1187595
   8.3070000000E+000                  1137775
   8.5200000000E+000                  1078991
   8.7330000000E+000                  1027759
   8.9460000000E+000                   991793
   9.1590000000E+000                   975761
   9.3720000000E+000                   925060
   9.5850000000E+000                   858920
   9.7980000000E+000                   785540
   1.0011000000E+001                   711130
   1.0224000000E+001                   660606
   1.0437000000E+001                   582508
   1.0650000000E+001                   507048
   1.0863000000E+001                   479477
   1.1076000000E+001                   474566
   1.1289000000E+001                   464657
   1.1502000000E+001                   428244
   1.1715000000E+001                   379630
   1.1928000000E+001                   354625
   1.2141000000E+001                   305508
   1.2354000000E+001                   245436
   1.2567000000E+001                   200177
   1.2780000000E+001                   184768
   1.2993000000E+001                   166761
   1.3206000000E+001                   142457
   1.3419000000E+001                   128778
   1.3632000000E+001                   127512
   1.3845000000E+001                   128492
   1.4058000000E+001                   102781
   1.4271000000E+001                    63280
   1.4484000000E+001                    44703
   1.4697000000E+001                    36171
   1.4910000000E+001                    22977
   1.5123000000E+001                    12769
   1.5336000000E+001                     8525
   1.5549000000E+001                     7880
   1.5762000000E+001                     6219
   1.5975000000E+001                     3090
   1.6188000000E+001                     1265
   1.6401000000E+001                      899
   1.6614000000E+001                      679
   1.6827000000E+001                      493
   1.7040000000E+001                      465
   1.7253000000E+001                      208
   1.7466000000E+001                       29
   1.7679000000E+001                        0
   1.7892000000E+001                        0
   1.8105000000E+001                        0
   1.8318000000E+001                        0
   1.8531000000E+001                        0
   1.8744000000E+001                        0
   1.8957000000E+001                        0
   1.9170000000E+001                        0
   1.9383000000E+001                        0
   1.9596000000E+001                        0
   1.9809000000E+001                        0
   2.0022000000E+001                        0
   2.0235000000E+001                        0
   2.0448000000E+001                        0
   2.0661000000E+001                        0
   2.0874000000E+001                        0
   2.1087000000E+001                        0
   2.1300000000E+001                        0
