   0.0000000000E+000                  1505809
   2.1300000000E-001                  3025996
   4.2600000000E-001                  3026500
   6.3900000000E-001                  3036755
   8.5200000000E-001                  3032933
   1.0650000000E+000                  3019711
   1.2780000000E+000                  3009157
   1.4910000000E+000                  2999546
   1.7040000000E+000                  3020420
   1.9170000000E+000                  3041782
   2.1300000000E+000                  3049776
   2.3430000000E+000                  3027711
   2.5560000000E+000                  3024230
   2.7690000000E+000                  2999596
   2.9820000000E+000                  2799948
   3.1950000000E+000                  2604800
   3.4080000000E+000                  2549698
   3.6210000000E+000                  2535682
   3.8340000000E+000                  2530788
   4.0470000000E+000                  2515221
   4.2600000000E+000                  2472831
   4.4730000000E+000                  2436048
   4.6860000000E+000                  2421977
   4.8990000000E+000                  2371730
   5.1120000000E+000                  2252619
   5.3250000000E+000                  2132212
   5.5380000000E+000                  2054040
   5.7510000000E+000                  1952923
   5.9640000000E+000                  1854993
   6.1770000000E+000                  1795357
   6.3900000000E+000                  1773385
   6.6030000000E+000                  1746998
   6.8160000000E+000                  1698456
   7.0290000000E+000                  1633527
   7.2420000000E+000                  1581674
   7.4550000000E+000                  1516525
   7.6680000000E+000                  1408012
   7.8810000000E+000                  1308515
   8.0940000000E+000                  1218350
   8.3070000000E+000                  1155816
   8.5200000000E+000                  1099579
   8.7330000000E+000                  1043951
   8.9460000000E+000                  1003081
   9.1590000000E+000                   974144
   9.3720000000E+000                   933831
   9.5850000000E+000                   874886
   9.7980000000E+000                   816418
   1.0011000000E+001                   744878
   1.0224000000E+001                   672850
   1.0437000000E+001                   609065
   1.0650000000E+001                   548112
   1.0863000000E+001                   507122
   1.1076000000E+001                   486122
   1.1289000000E+001                   467084
   1.1502000000E+001                   441420
   1.1715000000E+001                   400725
   1.1928000000E+001                   359470
   1.2141000000E+001                   321309
   1.2354000000E+001                   277980
   1.2567000000E+001                   235268
   1.2780000000E+001                   203640
   1.2993000000E+001                   180773
   1.3206000000E+001                   159602
   1.3419000000E+001                   141514
   1.3632000000E+001                   130351
   1.3845000000E+001                   121449
   1.4058000000E+001                   109742
   1.4271000000E+001                    87642
   1.4484000000E+001                    64164
   1.4697000000E+001                    46518
   1.4910000000E+001                    34671
   1.5123000000E+001                    22720
   1.5336000000E+001                    14523
   1.5549000000E+001                     9967
   1.5762000000E+001                     8279
   1.5975000000E+001                     5910
   1.6188000000E+001                     3493
   1.6401000000E+001                     1964
   1.6614000000E+001                     1207
   1.6827000000E+001                      873
   1.7040000000E+001                      710
   1.7253000000E+001                      518
   1.7466000000E+001                      286
   1.7679000000E+001                      106
   1.7892000000E+001                       29
   1.8105000000E+001                        7
   1.8318000000E+001                        0
   1.8531000000E+001                        0
   1.8744000000E+001                        0
   1.8957000000E+001                        0
   1.9170000000E+001                        0
   1.9383000000E+001                        0
   1.9596000000E+001                        0
   1.9809000000E+001                        0
   2.0022000000E+001                        0
   2.0235000000E+001                        0
   2.0448000000E+001                        0
   2.0661000000E+001                        0
   2.0874000000E+001                        0
   2.1087000000E+001                        0
   2.1300000000E+001                        0
