   0.0000000000E+000                  1503886
   2.1300000000E-001                  3016326
   4.2600000000E-001                  3023839
   6.3900000000E-001                  3029285
   8.5200000000E-001                  3032248
   1.0650000000E+000                  3014347
   1.2780000000E+000                  3005660
   1.4910000000E+000                  2998235
   1.7040000000E+000                  3015249
   1.9170000000E+000                  3037042
   2.1300000000E+000                  3038455
   2.3430000000E+000                  3024409
   2.5560000000E+000                  3010757
   2.7690000000E+000                  2992832
   2.9820000000E+000                  2803416
   3.1950000000E+000                  2615348
   3.4080000000E+000                  2547771
   3.6210000000E+000                  2537640
   3.8340000000E+000                  2522407
   4.0470000000E+000                  2508970
   4.2600000000E+000                  2467147
   4.4730000000E+000                  2438290
   4.6860000000E+000                  2412685
   4.8990000000E+000                  2362894
   5.1120000000E+000                  2256199
   5.3250000000E+000                  2135475
   5.5380000000E+000                  2053106
   5.7510000000E+000                  1958193
   5.9640000000E+000                  1859923
   6.1770000000E+000                  1798409
   6.3900000000E+000                  1765994
   6.6030000000E+000                  1740678
   6.8160000000E+000                  1698224
   7.0290000000E+000                  1639053
   7.2420000000E+000                  1582618
   7.4550000000E+000                  1509387
   7.6680000000E+000                  1409662
   7.8810000000E+000                  1311685
   8.0940000000E+000                  1229693
   8.3070000000E+000                  1162702
   8.5200000000E+000                  1105695
   8.7330000000E+000                  1044841
   8.9460000000E+000                  1004166
   9.1590000000E+000                   969940
   9.3720000000E+000                   930111
   9.5850000000E+000                   879474
   9.7980000000E+000                   819064
   1.0011000000E+001                   748567
   1.0224000000E+001                   680916
   1.0437000000E+001                   609475
   1.0650000000E+001                   553823
   1.0863000000E+001                   517022
   1.1076000000E+001                   488266
   1.1289000000E+001                   468594
   1.1502000000E+001                   438743
   1.1715000000E+001                   400380
   1.1928000000E+001                   361422
   1.2141000000E+001                   324066
   1.2354000000E+001                   280032
   1.2567000000E+001                   238614
   1.2780000000E+001                   209376
   1.2993000000E+001                   185746
   1.3206000000E+001                   162514
   1.3419000000E+001                   143034
   1.3632000000E+001                   130574
   1.3845000000E+001                   120285
   1.4058000000E+001                   107514
   1.4271000000E+001                    88322
   1.4484000000E+001                    67720
   1.4697000000E+001                    49839
   1.4910000000E+001                    36550
   1.5123000000E+001                    24760
   1.5336000000E+001                    15594
   1.5549000000E+001                    10674
   1.5762000000E+001                     8381
   1.5975000000E+001                     6102
   1.6188000000E+001                     3825
   1.6401000000E+001                     2068
   1.6614000000E+001                     1279
   1.6827000000E+001                      856
   1.7040000000E+001                      632
   1.7253000000E+001                      474
   1.7466000000E+001                      294
   1.7679000000E+001                      107
   1.7892000000E+001                       77
   1.8105000000E+001                       40
   1.8318000000E+001                        8
   1.8531000000E+001                        3
   1.8744000000E+001                        2
   1.8957000000E+001                        0
   1.9170000000E+001                        0
   1.9383000000E+001                        0
   1.9596000000E+001                        0
   1.9809000000E+001                        0
   2.0022000000E+001                        0
   2.0235000000E+001                        0
   2.0448000000E+001                        0
   2.0661000000E+001                        0
   2.0874000000E+001                        0
   2.1087000000E+001                        0
   2.1300000000E+001                        0
