   0.0000000000E+000                        0
   2.1300000000E-001                        0
   4.2600000000E-001                        0
   6.3900000000E-001                        0
   8.5200000000E-001                        0
   1.0650000000E+000                        0
   1.2780000000E+000                        0
   1.4910000000E+000                        0
   1.7040000000E+000                        0
   1.9170000000E+000                        0
   2.1300000000E+000                        0
   2.3430000000E+000                        4
   2.5560000000E+000                    28838
   2.7690000000E+000                   753298
   2.9820000000E+000                  1671079
   3.1950000000E+000                  1399437
   3.4080000000E+000                   940907
   3.6210000000E+000                   676508
   3.8340000000E+000                   559564
   4.0470000000E+000                   524213
   4.2600000000E+000                   548801
   4.4730000000E+000                   640020
   4.6860000000E+000                   831200
   4.8990000000E+000                  1114941
   5.1120000000E+000                  1420109
   5.3250000000E+000                  1653674
   5.5380000000E+000                  1816698
   5.7510000000E+000                  1908742
   5.9640000000E+000                  1869726
   6.1770000000E+000                  1718246
   6.3900000000E+000                  1565531
   6.6030000000E+000                  1471887
   6.8160000000E+000                  1462108
   7.0290000000E+000                  1552420
   7.2420000000E+000                  1732517
   7.4550000000E+000                  1960767
   7.6680000000E+000                  2172415
   7.8810000000E+000                  2314777
   8.0940000000E+000                  2362948
   8.3070000000E+000                  2350037
   8.5200000000E+000                  2284430
   8.7330000000E+000                  2211795
   8.9460000000E+000                  2133200
   9.1590000000E+000                  2080693
   9.3720000000E+000                  2061487
   9.5850000000E+000                  2095582
   9.7980000000E+000                  2164144
   1.0011000000E+001                  2258669
   1.0224000000E+001                  2335524
   1.0437000000E+001                  2369541
   1.0650000000E+001                  2351072
   1.0863000000E+001                  2293915
   1.1076000000E+001                  2216525
   1.1289000000E+001                  2133860
   1.1502000000E+001                  2059612
   1.1715000000E+001                  1994340
   1.1928000000E+001                  1951656
   1.2141000000E+001                  1922105
   1.2354000000E+001                  1901649
   1.2567000000E+001                  1887648
   1.2780000000E+001                  1858226
   1.2993000000E+001                  1812818
   1.3206000000E+001                  1744776
   1.3419000000E+001                  1660795
   1.3632000000E+001                  1569092
   1.3845000000E+001                  1480408
   1.4058000000E+001                  1390541
   1.4271000000E+001                  1310051
   1.4484000000E+001                  1241656
   1.4697000000E+001                  1176923
   1.4910000000E+001                  1115269
   1.5123000000E+001                  1048276
   1.5336000000E+001                   977484
   1.5549000000E+001                   899320
   1.5762000000E+001                   825001
   1.5975000000E+001                   748078
   1.6188000000E+001                   670798
   1.6401000000E+001                   599341
   1.6614000000E+001                   534556
   1.6827000000E+001                   473276
   1.7040000000E+001                   417706
   1.7253000000E+001                   365727
   1.7466000000E+001                   320677
   1.7679000000E+001                   274784
   1.7892000000E+001                   231940
   1.8105000000E+001                   191766
   1.8318000000E+001                   157524
   1.8531000000E+001                   126838
   1.8744000000E+001                    98006
   1.8957000000E+001                    75335
   1.9170000000E+001                    56431
   1.9383000000E+001                    42813
   1.9596000000E+001                    30918
   1.9809000000E+001                    22092
   2.0022000000E+001                    14813
   2.0235000000E+001                     8982
   2.0448000000E+001                     4819
   2.0661000000E+001                     2410
   2.0874000000E+001                      745
   2.1087000000E+001                      129
   2.1300000000E+001                        1
