   0.0000000000E+000                        0
   2.1300000000E-001                        0
   4.2600000000E-001                        0
   6.3900000000E-001                        0
   8.5200000000E-001                        0
   1.0650000000E+000                        0
   1.2780000000E+000                        0
   1.4910000000E+000                        0
   1.7040000000E+000                        0
   1.9170000000E+000                        0
   2.1300000000E+000                        0
   2.3430000000E+000                        0
   2.5560000000E+000                       23
   2.7690000000E+000                   532596
   2.9820000000E+000                  4494382
   3.1950000000E+000                  1800791
   3.4080000000E+000                   128551
   3.6210000000E+000                     3628
   3.8340000000E+000                     7817
   4.0470000000E+000                   456467
   4.2600000000E+000                  1433156
   4.4730000000E+000                   477868
   4.6860000000E+000                   235325
   4.8990000000E+000                  1599332
   5.1120000000E+000                  3385402
   5.3250000000E+000                  2801454
   5.5380000000E+000                  1420771
   5.7510000000E+000                  3328021
   5.9640000000E+000                  2527161
   6.1770000000E+000                   964155
   6.3900000000E+000                   418936
   6.6030000000E+000                  1072060
   6.8160000000E+000                  1839663
   7.0290000000E+000                  2123502
   7.2420000000E+000                  1652939
   7.4550000000E+000                  3150820
   7.6680000000E+000                  3972498
   7.8810000000E+000                  3116052
   8.0940000000E+000                  3103820
   8.3070000000E+000                  2114082
   8.5200000000E+000                  2434358
   8.7330000000E+000                  2219525
   8.9460000000E+000                  1422453
   9.1590000000E+000                  1403287
   9.3720000000E+000                  2183868
   9.5850000000E+000                  2057711
   9.7980000000E+000                  3195591
   1.0011000000E+001                  3513927
   1.0224000000E+001                  3502999
   1.0437000000E+001                  3148479
   1.0650000000E+001                  2592499
   1.0863000000E+001                  1419166
   1.1076000000E+001                   815530
   1.1289000000E+001                  1114876
   1.1502000000E+001                  2163019
   1.1715000000E+001                  2464558
   1.1928000000E+001                  2171555
   1.2141000000E+001                  2109768
   1.2354000000E+001                  2627510
   1.2567000000E+001                  2109992
   1.2780000000E+001                  1346353
   1.2993000000E+001                  1413942
   1.3206000000E+001                  1580142
   1.3419000000E+001                  1123113
   1.3632000000E+001                   552264
   1.3845000000E+001                   462123
   1.4058000000E+001                  1058310
   1.4271000000E+001                  1692198
   1.4484000000E+001                  1319709
   1.4697000000E+001                   928647
   1.4910000000E+001                   889855
   1.5123000000E+001                   779470
   1.5336000000E+001                   460248
   1.5549000000E+001                   173609
   1.5762000000E+001                    89766
   1.5975000000E+001                   221807
   1.6188000000E+001                   191600
   1.6401000000E+001                    96871
   1.6614000000E+001                    34131
   1.6827000000E+001                     3808
   1.7040000000E+001                     2546
   1.7253000000E+001                    17377
   1.7466000000E+001                    22213
   1.7679000000E+001                    11018
   1.7892000000E+001                     5723
   1.8105000000E+001                     1137
   1.8318000000E+001                       77
   1.8531000000E+001                        0
   1.8744000000E+001                        0
   1.8957000000E+001                        0
   1.9170000000E+001                        0
   1.9383000000E+001                        0
   1.9596000000E+001                        0
   1.9809000000E+001                        0
   2.0022000000E+001                        0
   2.0235000000E+001                        0
   2.0448000000E+001                        0
   2.0661000000E+001                        0
   2.0874000000E+001                        0
   2.1087000000E+001                        0
   2.1300000000E+001                        0
