   0.0000000000E+000                  1443092
   2.1300000000E-001                  2840322
   4.2600000000E-001                  2839606
   6.3900000000E-001                  2972050
   8.5200000000E-001                  3115218
   1.0650000000E+000                  3075541
   1.2780000000E+000                  2872742
   1.4910000000E+000                  2763260
   1.7040000000E+000                  2882728
   1.9170000000E+000                  3056088
   2.1300000000E+000                  3052588
   2.3430000000E+000                  2848123
   2.5560000000E+000                  2710941
   2.7690000000E+000                  2896312
   2.9820000000E+000                  2969618
   3.1950000000E+000                  2607446
   3.4080000000E+000                  2463636
   3.6210000000E+000                  2481207
   3.8340000000E+000                  2537474
   4.0470000000E+000                  2478337
   4.2600000000E+000                  2363669
   4.4730000000E+000                  2288552
   4.6860000000E+000                  2314213
   4.8990000000E+000                  2352286
   5.1120000000E+000                  2252417
   5.3250000000E+000                  2112350
   5.5380000000E+000                  2027963
   5.7510000000E+000                  2044243
   5.9640000000E+000                  1968081
   6.1770000000E+000                  1813192
   6.3900000000E+000                  1711325
   6.6030000000E+000                  1700516
   6.8160000000E+000                  1697494
   7.0290000000E+000                  1617298
   7.2420000000E+000                  1529597
   7.4550000000E+000                  1489485
   7.6680000000E+000                  1474292
   7.8810000000E+000                  1427892
   8.0940000000E+000                  1318804
   8.3070000000E+000                  1227991
   8.5200000000E+000                  1167021
   8.7330000000E+000                  1128102
   8.9460000000E+000                  1052651
   9.1590000000E+000                   967765
   9.3720000000E+000                   919244
   9.5850000000E+000                   921477
   9.7980000000E+000                   873713
   1.0011000000E+001                   802195
   1.0224000000E+001                   744989
   1.0437000000E+001                   711749
   1.0650000000E+001                   665011
   1.0863000000E+001                   595355
   1.1076000000E+001                   529747
   1.1289000000E+001                   485399
   1.1502000000E+001                   471695
   1.1715000000E+001                   452009
   1.1928000000E+001                   393210
   1.2141000000E+001                   347361
   1.2354000000E+001                   334840
   1.2567000000E+001                   305559
   1.2780000000E+001                   262571
   1.2993000000E+001                   222215
   1.3206000000E+001                   200376
   1.3419000000E+001                   191500
   1.3632000000E+001                   166265
   1.3845000000E+001                   137186
   1.4058000000E+001                   115192
   1.4271000000E+001                   104481
   1.4484000000E+001                   100594
   1.4697000000E+001                    80616
   1.4910000000E+001                    50546
   1.5123000000E+001                    44229
   1.5336000000E+001                    41064
   1.5549000000E+001                    24276
   1.5762000000E+001                    14752
   1.5975000000E+001                    13257
   1.6188000000E+001                    12096
   1.6401000000E+001                     9551
   1.6614000000E+001                     5074
   1.6827000000E+001                     2261
   1.7040000000E+001                     1234
   1.7253000000E+001                      943
   1.7466000000E+001                     1013
   1.7679000000E+001                      952
   1.7892000000E+001                      526
   1.8105000000E+001                      143
   1.8318000000E+001                        6
   1.8531000000E+001                        0
   1.8744000000E+001                        0
   1.8957000000E+001                        0
   1.9170000000E+001                        0
   1.9383000000E+001                        0
   1.9596000000E+001                        0
   1.9809000000E+001                        0
   2.0022000000E+001                        0
   2.0235000000E+001                        0
   2.0448000000E+001                        0
   2.0661000000E+001                        0
   2.0874000000E+001                        0
   2.1087000000E+001                        0
   2.1300000000E+001                        0
