   0.0000000000E+000                  1526030
   2.1300000000E-001                  3040707
   4.2600000000E-001                  3045843
   6.3900000000E-001                  3071500
   8.5200000000E-001                  3095883
   1.0650000000E+000                  3072303
   1.2780000000E+000                  3025207
   1.4910000000E+000                  3027132
   1.7040000000E+000                  3061866
   1.9170000000E+000                  3095126
   2.1300000000E+000                  3073665
   2.3430000000E+000                  3025756
   2.5560000000E+000                  3023731
   2.7690000000E+000                  3069849
   2.9820000000E+000                  2816380
   3.1950000000E+000                  2594685
   3.4080000000E+000                  2561607
   3.6210000000E+000                  2563058
   3.8340000000E+000                  2571826
   4.0470000000E+000                  2543785
   4.2600000000E+000                  2467244
   4.4730000000E+000                  2438460
   4.6860000000E+000                  2442879
   4.8990000000E+000                  2378161
   5.1120000000E+000                  2244937
   5.3250000000E+000                  2119637
   5.5380000000E+000                  2079871
   5.7510000000E+000                  1960318
   5.9640000000E+000                  1833149
   6.1770000000E+000                  1786260
   6.3900000000E+000                  1787579
   6.6030000000E+000                  1763181
   6.8160000000E+000                  1691676
   7.0290000000E+000                  1614849
   7.2420000000E+000                  1575378
   7.4550000000E+000                  1501638
   7.6680000000E+000                  1391019
   7.8810000000E+000                  1297033
   8.0940000000E+000                  1205765
   8.3070000000E+000                  1151147
   8.5200000000E+000                  1093574
   8.7330000000E+000                  1026898
   8.9460000000E+000                   991829
   9.1590000000E+000                   966048
   9.3720000000E+000                   921956
   9.5850000000E+000                   863801
   9.7980000000E+000                   790353
   1.0011000000E+001                   717550
   1.0224000000E+001                   652274
   1.0437000000E+001                   584410
   1.0650000000E+001                   525248
   1.0863000000E+001                   491948
   1.1076000000E+001                   486053
   1.1289000000E+001                   468142
   1.1502000000E+001                   419802
   1.1715000000E+001                   370069
   1.1928000000E+001                   339720
   1.2141000000E+001                   297085
   1.2354000000E+001                   248429
   1.2567000000E+001                   212358
   1.2780000000E+001                   197423
   1.2993000000E+001                   176386
   1.3206000000E+001                   145217
   1.3419000000E+001                   125693
   1.3632000000E+001                   119455
   1.3845000000E+001                   116641
   1.4058000000E+001                    98701
   1.4271000000E+001                    65760
   1.4484000000E+001                    47254
   1.4697000000E+001                    39213
   1.4910000000E+001                    25622
   1.5123000000E+001                    14000
   1.5336000000E+001                     9534
   1.5549000000E+001                     8920
   1.5762000000E+001                     7893
   1.5975000000E+001                     3982
   1.6188000000E+001                     1288
   1.6401000000E+001                      979
   1.6614000000E+001                      755
   1.6827000000E+001                      654
   1.7040000000E+001                      516
   1.7253000000E+001                      353
   1.7466000000E+001                       86
   1.7679000000E+001                        8
   1.7892000000E+001                        0
   1.8105000000E+001                        0
   1.8318000000E+001                        0
   1.8531000000E+001                        0
   1.8744000000E+001                        0
   1.8957000000E+001                        0
   1.9170000000E+001                        0
   1.9383000000E+001                        0
   1.9596000000E+001                        0
   1.9809000000E+001                        0
   2.0022000000E+001                        0
   2.0235000000E+001                        0
   2.0448000000E+001                        0
   2.0661000000E+001                        0
   2.0874000000E+001                        0
   2.1087000000E+001                        0
   2.1300000000E+001                        0
