   0.0000000000E+000                  1507826
   2.1300000000E-001                  3013667
   4.2600000000E-001                  3017444
   6.3900000000E-001                  3028253
   8.5200000000E-001                  3033395
   1.0650000000E+000                  3019490
   1.2780000000E+000                  2997983
   1.4910000000E+000                  2999897
   1.7040000000E+000                  3019617
   1.9170000000E+000                  3034737
   2.1300000000E+000                  3033015
   2.3430000000E+000                  3021828
   2.5560000000E+000                  3015208
   2.7690000000E+000                  2993560
   2.9820000000E+000                  2798895
   3.1950000000E+000                  2611150
   3.4080000000E+000                  2547820
   3.6210000000E+000                  2539051
   3.8340000000E+000                  2528215
   4.0470000000E+000                  2510455
   4.2600000000E+000                  2463346
   4.4730000000E+000                  2430206
   4.6860000000E+000                  2415764
   4.8990000000E+000                  2360195
   5.1120000000E+000                  2256461
   5.3250000000E+000                  2139814
   5.5380000000E+000                  2052340
   5.7510000000E+000                  1955528
   5.9640000000E+000                  1854875
   6.1770000000E+000                  1798783
   6.3900000000E+000                  1772442
   6.6030000000E+000                  1745844
   6.8160000000E+000                  1696067
   7.0290000000E+000                  1631763
   7.2420000000E+000                  1578623
   7.4550000000E+000                  1514636
   7.6680000000E+000                  1411961
   7.8810000000E+000                  1317600
   8.0940000000E+000                  1228520
   8.3070000000E+000                  1160064
   8.5200000000E+000                  1101586
   8.7330000000E+000                  1045496
   8.9460000000E+000                  1007957
   9.1590000000E+000                   974972
   9.3720000000E+000                   933561
   9.5850000000E+000                   878042
   9.7980000000E+000                   815246
   1.0011000000E+001                   748725
   1.0224000000E+001                   684128
   1.0437000000E+001                   613713
   1.0650000000E+001                   554737
   1.0863000000E+001                   513581
   1.1076000000E+001                   485781
   1.1289000000E+001                   468000
   1.1502000000E+001                   441002
   1.1715000000E+001                   403347
   1.1928000000E+001                   360934
   1.2141000000E+001                   324338
   1.2354000000E+001                   281496
   1.2567000000E+001                   239178
   1.2780000000E+001                   208010
   1.2993000000E+001                   185679
   1.3206000000E+001                   163395
   1.3419000000E+001                   141477
   1.3632000000E+001                   129634
   1.3845000000E+001                   120653
   1.4058000000E+001                   109344
   1.4271000000E+001                    90382
   1.4484000000E+001                    66464
   1.4697000000E+001                    49700
   1.4910000000E+001                    36471
   1.5123000000E+001                    25074
   1.5336000000E+001                    15722
   1.5549000000E+001                    11038
   1.5762000000E+001                     8558
   1.5975000000E+001                     6344
   1.6188000000E+001                     3796
   1.6401000000E+001                     2269
   1.6614000000E+001                     1193
   1.6827000000E+001                      806
   1.7040000000E+001                      672
   1.7253000000E+001                      595
   1.7466000000E+001                      374
   1.7679000000E+001                      142
   1.7892000000E+001                       38
   1.8105000000E+001                        9
   1.8318000000E+001                        3
   1.8531000000E+001                        0
   1.8744000000E+001                        0
   1.8957000000E+001                        0
   1.9170000000E+001                        0
   1.9383000000E+001                        0
   1.9596000000E+001                        0
   1.9809000000E+001                        0
   2.0022000000E+001                        0
   2.0235000000E+001                        0
   2.0448000000E+001                        0
   2.0661000000E+001                        0
   2.0874000000E+001                        0
   2.1087000000E+001                        0
   2.1300000000E+001                        0
