   0.0000000000E+000                  1473257
   2.1300000000E-001                  2865889
   4.2600000000E-001                  2791648
   6.3900000000E-001                  2986003
   8.5200000000E-001                  3168040
   1.0650000000E+000                  3097217
   1.2780000000E+000                  2846293
   1.4910000000E+000                  2718725
   1.7040000000E+000                  2886236
   1.9170000000E+000                  3085250
   2.1300000000E+000                  3115839
   2.3430000000E+000                  2837640
   2.5560000000E+000                  2677923
   2.7690000000E+000                  2938940
   2.9820000000E+000                  3026785
   3.1950000000E+000                  2584479
   3.4080000000E+000                  2433771
   3.6210000000E+000                  2503507
   3.8340000000E+000                  2554061
   4.0470000000E+000                  2476842
   4.2600000000E+000                  2348322
   4.4730000000E+000                  2281253
   4.6860000000E+000                  2326013
   4.8990000000E+000                  2388146
   5.1120000000E+000                  2262685
   5.3250000000E+000                  2090898
   5.5380000000E+000                  2027411
   5.7510000000E+000                  2081905
   5.9640000000E+000                  1980220
   6.1770000000E+000                  1785182
   6.3900000000E+000                  1690371
   6.6030000000E+000                  1708343
   6.8160000000E+000                  1697202
   7.0290000000E+000                  1611733
   7.2420000000E+000                  1510249
   7.4550000000E+000                  1485389
   7.6680000000E+000                  1487455
   7.8810000000E+000                  1444681
   8.0940000000E+000                  1314730
   8.3070000000E+000                  1204921
   8.5200000000E+000                  1169250
   8.7330000000E+000                  1141207
   8.9460000000E+000                  1038228
   9.1590000000E+000                   944088
   9.3720000000E+000                   910783
   9.5850000000E+000                   914517
   9.7980000000E+000                   868114
   1.0011000000E+001                   800781
   1.0224000000E+001                   738041
   1.0437000000E+001                   711994
   1.0650000000E+001                   663954
   1.0863000000E+001                   589001
   1.1076000000E+001                   519234
   1.1289000000E+001                   479544
   1.1502000000E+001                   475089
   1.1715000000E+001                   445283
   1.1928000000E+001                   371939
   1.2141000000E+001                   342147
   1.2354000000E+001                   338271
   1.2567000000E+001                   295529
   1.2780000000E+001                   258848
   1.2993000000E+001                   219170
   1.3206000000E+001                   199099
   1.3419000000E+001                   192610
   1.3632000000E+001                   163965
   1.3845000000E+001                   133370
   1.4058000000E+001                   112045
   1.4271000000E+001                   101521
   1.4484000000E+001                   101033
   1.4697000000E+001                    70526
   1.4910000000E+001                    41593
   1.5123000000E+001                    46274
   1.5336000000E+001                    41100
   1.5549000000E+001                    20159
   1.5762000000E+001                    13820
   1.5975000000E+001                    13279
   1.6188000000E+001                    10796
   1.6401000000E+001                     7847
   1.6614000000E+001                     4557
   1.6827000000E+001                     1914
   1.7040000000E+001                     1151
   1.7253000000E+001                      842
   1.7466000000E+001                      898
   1.7679000000E+001                      778
   1.7892000000E+001                      301
   1.8105000000E+001                       53
   1.8318000000E+001                        3
   1.8531000000E+001                        0
   1.8744000000E+001                        0
   1.8957000000E+001                        0
   1.9170000000E+001                        0
   1.9383000000E+001                        0
   1.9596000000E+001                        0
   1.9809000000E+001                        0
   2.0022000000E+001                        0
   2.0235000000E+001                        0
   2.0448000000E+001                        0
   2.0661000000E+001                        0
   2.0874000000E+001                        0
   2.1087000000E+001                        0
   2.1300000000E+001                        0
