   0.0000000000E+000                        0
   2.1300000000E-001                        0
   4.2600000000E-001                        0
   6.3900000000E-001                        0
   8.5200000000E-001                        0
   1.0650000000E+000                        0
   1.2780000000E+000                        0
   1.4910000000E+000                        0
   1.7040000000E+000                        0
   1.9170000000E+000                        0
   2.1300000000E+000                        0
   2.3430000000E+000                        0
   2.5560000000E+000                      721
   2.7690000000E+000                   702412
   2.9820000000E+000                  3674808
   3.1950000000E+000                  2095272
   3.4080000000E+000                   421744
   3.6210000000E+000                    59194
   3.8340000000E+000                    48760
   4.0470000000E+000                   450319
   4.2600000000E+000                  1084880
   4.4730000000E+000                   672453
   4.6860000000E+000                   378454
   4.8990000000E+000                  1434711
   5.1120000000E+000                  2896548
   5.3250000000E+000                  2758822
   5.5380000000E+000                  1872553
   5.7510000000E+000                  2840567
   5.9640000000E+000                  2607020
   6.1770000000E+000                  1304418
   6.3900000000E+000                   636184
   6.6030000000E+000                   929497
   6.8160000000E+000                  1632319
   7.0290000000E+000                  1993493
   7.2420000000E+000                  1809174
   7.4550000000E+000                  2756731
   7.6680000000E+000                  3713831
   7.8810000000E+000                  3303294
   8.0940000000E+000                  2972932
   8.3070000000E+000                  2424874
   8.5200000000E+000                  2349937
   8.7330000000E+000                  2266739
   8.9460000000E+000                  1649299
   9.1590000000E+000                  1440697
   9.3720000000E+000                  1929259
   9.5850000000E+000                  2160236
   9.7980000000E+000                  2739560
   1.0011000000E+001                  3311743
   1.0224000000E+001                  3448096
   1.0437000000E+001                  3278880
   1.0650000000E+001                  2731140
   1.0863000000E+001                  1825364
   1.1076000000E+001                  1108435
   1.1289000000E+001                  1068028
   1.1502000000E+001                  1744917
   1.1715000000E+001                  2270486
   1.1928000000E+001                  2237011
   1.2141000000E+001                  2182333
   1.2354000000E+001                  2357409
   1.2567000000E+001                  2239690
   1.2780000000E+001                  1685167
   1.2993000000E+001                  1420657
   1.3206000000E+001                  1500625
   1.3419000000E+001                  1281091
   1.3632000000E+001                   828756
   1.3845000000E+001                   575093
   1.4058000000E+001                   811856
   1.4271000000E+001                  1311452
   1.4484000000E+001                  1401642
   1.4697000000E+001                  1127355
   1.4910000000E+001                   942187
   1.5123000000E+001                   819499
   1.5336000000E+001                   612326
   1.5549000000E+001                   342224
   1.5762000000E+001                   165696
   1.5975000000E+001                   162544
   1.6188000000E+001                   191144
   1.6401000000E+001                   144735
   1.6614000000E+001                    77682
   1.6827000000E+001                    26984
   1.7040000000E+001                     6634
   1.7253000000E+001                     9348
   1.7466000000E+001                    17834
   1.7679000000E+001                    16064
   1.7892000000E+001                    10307
   1.8105000000E+001                     4439
   1.8318000000E+001                     1200
   1.8531000000E+001                      188
   1.8744000000E+001                       26
   1.8957000000E+001                        1
   1.9170000000E+001                        0
   1.9383000000E+001                        0
   1.9596000000E+001                        0
   1.9809000000E+001                        0
   2.0022000000E+001                        0
   2.0235000000E+001                        0
   2.0448000000E+001                        0
   2.0661000000E+001                        0
   2.0874000000E+001                        0
   2.1087000000E+001                        0
   2.1300000000E+001                        0
