   0.0000000000E+000                        0
   2.1300000000E-001                        0
   4.2600000000E-001                        0
   6.3900000000E-001                        0
   8.5200000000E-001                        0
   1.0650000000E+000                        0
   1.2780000000E+000                        0
   1.4910000000E+000                        0
   1.7040000000E+000                        0
   1.9170000000E+000                        0
   2.1300000000E+000                        0
   2.3430000000E+000                        1
   2.5560000000E+000                    34079
   2.7690000000E+000                   714380
   2.9820000000E+000                  1518639
   3.1950000000E+000                  1309973
   3.4080000000E+000                   924461
   3.6210000000E+000                   689668
   3.8340000000E+000                   579500
   4.0470000000E+000                   548508
   4.2600000000E+000                   568931
   4.4730000000E+000                   651787
   4.6860000000E+000                   811593
   4.8990000000E+000                  1052889
   5.1120000000E+000                  1315092
   5.3250000000E+000                  1535065
   5.5380000000E+000                  1706595
   5.7510000000E+000                  1810749
   5.9640000000E+000                  1802344
   6.1770000000E+000                  1689816
   6.3900000000E+000                  1566627
   6.6030000000E+000                  1494552
   6.8160000000E+000                  1486788
   7.0290000000E+000                  1554768
   7.2420000000E+000                  1691221
   7.4550000000E+000                  1870520
   7.6680000000E+000                  2055419
   7.8810000000E+000                  2186567
   8.0940000000E+000                  2260833
   8.3070000000E+000                  2268584
   8.5200000000E+000                  2239828
   8.7330000000E+000                  2188275
   8.9460000000E+000                  2137092
   9.1590000000E+000                  2085629
   9.3720000000E+000                  2062803
   9.5850000000E+000                  2088650
   9.7980000000E+000                  2140178
   1.0011000000E+001                  2202134
   1.0224000000E+001                  2263006
   1.0437000000E+001                  2294823
   1.0650000000E+001                  2284941
   1.0863000000E+001                  2260720
   1.1076000000E+001                  2207296
   1.1289000000E+001                  2147636
   1.1502000000E+001                  2081076
   1.1715000000E+001                  2020412
   1.1928000000E+001                  1975191
   1.2141000000E+001                  1942867
   1.2354000000E+001                  1911235
   1.2567000000E+001                  1888635
   1.2780000000E+001                  1851846
   1.2993000000E+001                  1811640
   1.3206000000E+001                  1753784
   1.3419000000E+001                  1686110
   1.3632000000E+001                  1613507
   1.3845000000E+001                  1534984
   1.4058000000E+001                  1458879
   1.4271000000E+001                  1380674
   1.4484000000E+001                  1312885
   1.4697000000E+001                  1238934
   1.4910000000E+001                  1169539
   1.5123000000E+001                  1104683
   1.5336000000E+001                  1037482
   1.5549000000E+001                   962702
   1.5762000000E+001                   888660
   1.5975000000E+001                   814033
   1.6188000000E+001                   745671
   1.6401000000E+001                   677533
   1.6614000000E+001                   613324
   1.6827000000E+001                   549212
   1.7040000000E+001                   486931
   1.7253000000E+001                   430735
   1.7466000000E+001                   377440
   1.7679000000E+001                   325030
   1.7892000000E+001                   280263
   1.8105000000E+001                   235462
   1.8318000000E+001                   194434
   1.8531000000E+001                   157858
   1.8744000000E+001                   127266
   1.8957000000E+001                   101660
   1.9170000000E+001                    78977
   1.9383000000E+001                    60104
   1.9596000000E+001                    45786
   1.9809000000E+001                    32002
   2.0022000000E+001                    21334
   2.0235000000E+001                    13387
   2.0448000000E+001                     7510
   2.0661000000E+001                     3647
   2.0874000000E+001                     1383
   2.1087000000E+001                      327
   2.1300000000E+001                        6
