   0.0000000000E+000                  1541496
   2.1300000000E-001                  3050434
   4.2600000000E-001                  3027394
   6.3900000000E-001                  3063520
   8.5200000000E-001                  3091074
   1.0650000000E+000                  3065437
   1.2780000000E+000                  3033490
   1.4910000000E+000                  3030278
   1.7040000000E+000                  3055336
   1.9170000000E+000                  3076842
   2.1300000000E+000                  3075750
   2.3430000000E+000                  3039337
   2.5560000000E+000                  3043972
   2.7690000000E+000                  3068985
   2.9820000000E+000                  2810693
   3.1950000000E+000                  2582978
   3.4080000000E+000                  2554963
   3.6210000000E+000                  2560135
   3.8340000000E+000                  2579592
   4.0470000000E+000                  2553962
   4.2600000000E+000                  2459809
   4.4730000000E+000                  2429491
   4.6860000000E+000                  2452129
   4.8990000000E+000                  2394575
   5.1120000000E+000                  2247316
   5.3250000000E+000                  2114833
   5.5380000000E+000                  2072544
   5.7510000000E+000                  1954638
   5.9640000000E+000                  1832808
   6.1770000000E+000                  1785335
   6.3900000000E+000                  1796481
   6.6030000000E+000                  1765852
   6.8160000000E+000                  1688506
   7.0290000000E+000                  1609931
   7.2420000000E+000                  1574233
   7.4550000000E+000                  1513343
   7.6680000000E+000                  1388497
   7.8810000000E+000                  1296303
   8.0940000000E+000                  1202031
   8.3070000000E+000                  1140957
   8.5200000000E+000                  1090965
   8.7330000000E+000                  1036865
   8.9460000000E+000                   993720
   9.1590000000E+000                   963842
   9.3720000000E+000                   919060
   9.5850000000E+000                   864683
   9.7980000000E+000                   784651
   1.0011000000E+001                   714404
   1.0224000000E+001                   657696
   1.0437000000E+001                   589013
   1.0650000000E+001                   523303
   1.0863000000E+001                   493462
   1.1076000000E+001                   483043
   1.1289000000E+001                   468265
   1.1502000000E+001                   425228
   1.1715000000E+001                   367925
   1.1928000000E+001                   335941
   1.2141000000E+001                   300826
   1.2354000000E+001                   252303
   1.2567000000E+001                   211355
   1.2780000000E+001                   198179
   1.2993000000E+001                   177005
   1.3206000000E+001                   145820
   1.3419000000E+001                   126633
   1.3632000000E+001                   121532
   1.3845000000E+001                   116195
   1.4058000000E+001                    98056
   1.4271000000E+001                    65437
   1.4484000000E+001                    47658
   1.4697000000E+001                    39274
   1.4910000000E+001                    25174
   1.5123000000E+001                    14674
   1.5336000000E+001                     9491
   1.5549000000E+001                     8725
   1.5762000000E+001                     6788
   1.5975000000E+001                     3339
   1.6188000000E+001                     1312
   1.6401000000E+001                     1011
   1.6614000000E+001                      600
   1.6827000000E+001                      525
   1.7040000000E+001                      439
   1.7253000000E+001                      267
   1.7466000000E+001                       36
   1.7679000000E+001                        0
   1.7892000000E+001                        0
   1.8105000000E+001                        0
   1.8318000000E+001                        0
   1.8531000000E+001                        0
   1.8744000000E+001                        0
   1.8957000000E+001                        0
   1.9170000000E+001                        0
   1.9383000000E+001                        0
   1.9596000000E+001                        0
   1.9809000000E+001                        0
   2.0022000000E+001                        0
   2.0235000000E+001                        0
   2.0448000000E+001                        0
   2.0661000000E+001                        0
   2.0874000000E+001                        0
   2.1087000000E+001                        0
   2.1300000000E+001                        0
