   0.0000000000E+000                  1518100
   2.1300000000E-001                  3034812
   4.2600000000E-001                  3036000
   6.3900000000E-001                  3055519
   8.5200000000E-001                  3057506
   1.0650000000E+000                  3033793
   1.2780000000E+000                  3012580
   1.4910000000E+000                  3013340
   1.7040000000E+000                  3032440
   1.9170000000E+000                  3065283
   2.1300000000E+000                  3068197
   2.3430000000E+000                  3040744
   2.5560000000E+000                  3029811
   2.7690000000E+000                  3018047
   2.9820000000E+000                  2806583
   3.1950000000E+000                  2599713
   3.4080000000E+000                  2554642
   3.6210000000E+000                  2549346
   3.8340000000E+000                  2541165
   4.0470000000E+000                  2526311
   4.2600000000E+000                  2479715
   4.4730000000E+000                  2436472
   4.6860000000E+000                  2433977
   4.8990000000E+000                  2378630
   5.1120000000E+000                  2257517
   5.3250000000E+000                  2123614
   5.5380000000E+000                  2052579
   5.7510000000E+000                  1952094
   5.9640000000E+000                  1856013
   6.1770000000E+000                  1791492
   6.3900000000E+000                  1775688
   6.6030000000E+000                  1751474
   6.8160000000E+000                  1694787
   7.0290000000E+000                  1627692
   7.2420000000E+000                  1585453
   7.4550000000E+000                  1513671
   7.6680000000E+000                  1400169
   7.8810000000E+000                  1297615
   8.0940000000E+000                  1213636
   8.3070000000E+000                  1146561
   8.5200000000E+000                  1093236
   8.7330000000E+000                  1040865
   8.9460000000E+000                  1000209
   9.1590000000E+000                   974145
   9.3720000000E+000                   921682
   9.5850000000E+000                   871387
   9.7980000000E+000                   807828
   1.0011000000E+001                   733073
   1.0224000000E+001                   665577
   1.0437000000E+001                   595370
   1.0650000000E+001                   536915
   1.0863000000E+001                   500540
   1.1076000000E+001                   480213
   1.1289000000E+001                   464521
   1.1502000000E+001                   437377
   1.1715000000E+001                   391374
   1.1928000000E+001                   351644
   1.2141000000E+001                   312404
   1.2354000000E+001                   266494
   1.2567000000E+001                   223060
   1.2780000000E+001                   196520
   1.2993000000E+001                   177395
   1.3206000000E+001                   152854
   1.3419000000E+001                   135515
   1.3632000000E+001                   126819
   1.3845000000E+001                   120106
   1.4058000000E+001                   104679
   1.4271000000E+001                    80009
   1.4484000000E+001                    55939
   1.4697000000E+001                    42431
   1.4910000000E+001                    30339
   1.5123000000E+001                    18621
   1.5336000000E+001                    11417
   1.5549000000E+001                     8438
   1.5762000000E+001                     7146
   1.5975000000E+001                     5077
   1.6188000000E+001                     2345
   1.6401000000E+001                     1076
   1.6614000000E+001                      774
   1.6827000000E+001                      715
   1.7040000000E+001                      484
   1.7253000000E+001                      366
   1.7466000000E+001                      194
   1.7679000000E+001                       45
   1.7892000000E+001                        1
   1.8105000000E+001                        0
   1.8318000000E+001                        0
   1.8531000000E+001                        0
   1.8744000000E+001                        0
   1.8957000000E+001                        0
   1.9170000000E+001                        0
   1.9383000000E+001                        0
   1.9596000000E+001                        0
   1.9809000000E+001                        0
   2.0022000000E+001                        0
   2.0235000000E+001                        0
   2.0448000000E+001                        0
   2.0661000000E+001                        0
   2.0874000000E+001                        0
   2.1087000000E+001                        0
   2.1300000000E+001                        0
