   0.0000000000E+000                  1298469
   2.1300000000E-001                  2601711
   4.2600000000E-001                  2601392
   6.3900000000E-001                  2599249
   8.5200000000E-001                  2598567
   1.0650000000E+000                  2599591
   1.2780000000E+000                  2601034
   1.4910000000E+000                  2605680
   1.7040000000E+000                  2605667
   1.9170000000E+000                  2602939
   2.1300000000E+000                  2606968
   2.3430000000E+000                  2609682
   2.5560000000E+000                  2606835
   2.7690000000E+000                  2577034
   2.9820000000E+000                  2504243
   3.1950000000E+000                  2429264
   3.4080000000E+000                  2370925
   3.6210000000E+000                  2329795
   3.8340000000E+000                  2296722
   4.0470000000E+000                  2264030
   4.2600000000E+000                  2234512
   4.4730000000E+000                  2205038
   4.6860000000E+000                  2171404
   4.8990000000E+000                  2134289
   5.1120000000E+000                  2093527
   5.3250000000E+000                  2041782
   5.5380000000E+000                  1989241
   5.7510000000E+000                  1933866
   5.9640000000E+000                  1877742
   6.1770000000E+000                  1826810
   6.3900000000E+000                  1770589
   6.6030000000E+000                  1728090
   6.8160000000E+000                  1680864
   7.0290000000E+000                  1632075
   7.2420000000E+000                  1588440
   7.4550000000E+000                  1538515
   7.6680000000E+000                  1490507
   7.8810000000E+000                  1439472
   8.0940000000E+000                  1387909
   8.3070000000E+000                  1333068
   8.5200000000E+000                  1282590
   8.7330000000E+000                  1233679
   8.9460000000E+000                  1184140
   9.1590000000E+000                  1134989
   9.3720000000E+000                  1088866
   9.5850000000E+000                  1040658
   9.7980000000E+000                   997406
   1.0011000000E+001                   954746
   1.0224000000E+001                   912182
   1.0437000000E+001                   866260
   1.0650000000E+001                   819888
   1.0863000000E+001                   778172
   1.1076000000E+001                   737771
   1.1289000000E+001                   698065
   1.1502000000E+001                   658501
   1.1715000000E+001                   619687
   1.1928000000E+001                   583160
   1.2141000000E+001                   547897
   1.2354000000E+001                   513370
   1.2567000000E+001                   480266
   1.2780000000E+001                   447994
   1.2993000000E+001                   417346
   1.3206000000E+001                   388910
   1.3419000000E+001                   360035
   1.3632000000E+001                   331892
   1.3845000000E+001                   305110
   1.4058000000E+001                   279441
   1.4271000000E+001                   255829
   1.4484000000E+001                   234912
   1.4697000000E+001                   213551
   1.4910000000E+001                   193950
   1.5123000000E+001                   176339
   1.5336000000E+001                   157537
   1.5549000000E+001                   140293
   1.5762000000E+001                   126572
   1.5975000000E+001                   112169
   1.6188000000E+001                    98156
   1.6401000000E+001                    86478
   1.6614000000E+001                    74738
   1.6827000000E+001                    65088
   1.7040000000E+001                    55726
   1.7253000000E+001                    48287
   1.7466000000E+001                    40815
   1.7679000000E+001                    33995
   1.7892000000E+001                    28263
   1.8105000000E+001                    23230
   1.8318000000E+001                    18847
   1.8531000000E+001                    15091
   1.8744000000E+001                    11683
   1.8957000000E+001                     8865
   1.9170000000E+001                     6565
   1.9383000000E+001                     4877
   1.9596000000E+001                     3182
   1.9809000000E+001                     1961
   2.0022000000E+001                     1235
   2.0235000000E+001                      711
   2.0448000000E+001                      322
   2.0661000000E+001                      149
   2.0874000000E+001                       25
   2.1087000000E+001                        1
   2.1300000000E+001                        0
