   0.0000000000E+000                  1411830
   2.1300000000E-001                  2835367
   4.2600000000E-001                  2870389
   6.3900000000E-001                  2921940
   8.5200000000E-001                  2952960
   1.0650000000E+000                  2939852
   1.2780000000E+000                  2877951
   1.4910000000E+000                  2848780
   1.7040000000E+000                  2866586
   1.9170000000E+000                  2908723
   2.1300000000E+000                  2919072
   2.3430000000E+000                  2863078
   2.5560000000E+000                  2814310
   2.7690000000E+000                  2851806
   2.9820000000E+000                  2807000
   3.1950000000E+000                  2620350
   3.4080000000E+000                  2505837
   3.6210000000E+000                  2466082
   3.8340000000E+000                  2445824
   4.0470000000E+000                  2417047
   4.2600000000E+000                  2376353
   4.4730000000E+000                  2328283
   4.6860000000E+000                  2302344
   4.8990000000E+000                  2284470
   5.1120000000E+000                  2229059
   5.3250000000E+000                  2141286
   5.5380000000E+000                  2064554
   5.7510000000E+000                  1998719
   5.9640000000E+000                  1918995
   6.1770000000E+000                  1825860
   6.3900000000E+000                  1751423
   6.6030000000E+000                  1705890
   6.8160000000E+000                  1671210
   7.0290000000E+000                  1626700
   7.2420000000E+000                  1567481
   7.4550000000E+000                  1517292
   7.6680000000E+000                  1470856
   7.8810000000E+000                  1407356
   8.0940000000E+000                  1328841
   8.3070000000E+000                  1255547
   8.5200000000E+000                  1189785
   8.7330000000E+000                  1127328
   8.9460000000E+000                  1066625
   9.1590000000E+000                  1005416
   9.3720000000E+000                   958727
   9.5850000000E+000                   923142
   9.7980000000E+000                   881024
   1.0011000000E+001                   832972
   1.0224000000E+001                   781652
   1.0437000000E+001                   729530
   1.0650000000E+001                   679553
   1.0863000000E+001                   616428
   1.1076000000E+001                   559392
   1.1289000000E+001                   520815
   1.1502000000E+001                   489567
   1.1715000000E+001                   461330
   1.1928000000E+001                   426234
   1.2141000000E+001                   390023
   1.2354000000E+001                   353657
   1.2567000000E+001                   321727
   1.2780000000E+001                   286880
   1.2993000000E+001                   253737
   1.3206000000E+001                   223763
   1.3419000000E+001                   203233
   1.3632000000E+001                   180650
   1.3845000000E+001                   156905
   1.4058000000E+001                   134725
   1.4271000000E+001                   119711
   1.4484000000E+001                   108612
   1.4697000000E+001                    94298
   1.4910000000E+001                    78391
   1.5123000000E+001                    61319
   1.5336000000E+001                    47809
   1.5549000000E+001                    36715
   1.5762000000E+001                    26347
   1.5975000000E+001                    17994
   1.6188000000E+001                    13210
   1.6401000000E+001                    10717
   1.6614000000E+001                     8328
   1.6827000000E+001                     5405
   1.7040000000E+001                     3250
   1.7253000000E+001                     1718
   1.7466000000E+001                     1196
   1.7679000000E+001                      880
   1.7892000000E+001                      825
   1.8105000000E+001                      670
   1.8318000000E+001                      290
   1.8531000000E+001                      142
   1.8744000000E+001                       42
   1.8957000000E+001                        8
   1.9170000000E+001                        0
   1.9383000000E+001                        0
   1.9596000000E+001                        0
   1.9809000000E+001                        0
   2.0022000000E+001                        0
   2.0235000000E+001                        0
   2.0448000000E+001                        0
   2.0661000000E+001                        0
   2.0874000000E+001                        0
   2.1087000000E+001                        0
   2.1300000000E+001                        0
