   0.0000000000E+000                  1418879
   2.1300000000E-001                  2840587
   4.2600000000E-001                  2858587
   6.3900000000E-001                  2884230
   8.5200000000E-001                  2909044
   1.0650000000E+000                  2905143
   1.2780000000E+000                  2885061
   1.4910000000E+000                  2866056
   1.7040000000E+000                  2866807
   1.9170000000E+000                  2884314
   2.1300000000E+000                  2881646
   2.3430000000E+000                  2844327
   2.5560000000E+000                  2816680
   2.7690000000E+000                  2842205
   2.9820000000E+000                  2796498
   3.1950000000E+000                  2619070
   3.4080000000E+000                  2491304
   3.6210000000E+000                  2447987
   3.8340000000E+000                  2433621
   4.0470000000E+000                  2413167
   4.2600000000E+000                  2375342
   4.4730000000E+000                  2333876
   4.6860000000E+000                  2297920
   4.8990000000E+000                  2270483
   5.1120000000E+000                  2222149
   5.3250000000E+000                  2138886
   5.5380000000E+000                  2062225
   5.7510000000E+000                  1992685
   5.9640000000E+000                  1916842
   6.1770000000E+000                  1824452
   6.3900000000E+000                  1750095
   6.6030000000E+000                  1704525
   6.8160000000E+000                  1673987
   7.0290000000E+000                  1633380
   7.2420000000E+000                  1580993
   7.4550000000E+000                  1526825
   7.6680000000E+000                  1472190
   7.8810000000E+000                  1401770
   8.0940000000E+000                  1329008
   8.3070000000E+000                  1261268
   8.5200000000E+000                  1195451
   8.7330000000E+000                  1131791
   8.9460000000E+000                  1072136
   9.1590000000E+000                  1013608
   9.3720000000E+000                   967210
   9.5850000000E+000                   927482
   9.7980000000E+000                   890247
   1.0011000000E+001                   844121
   1.0224000000E+001                   793203
   1.0437000000E+001                   741798
   1.0650000000E+001                   685475
   1.0863000000E+001                   622486
   1.1076000000E+001                   567489
   1.1289000000E+001                   525157
   1.1502000000E+001                   494194
   1.1715000000E+001                   468672
   1.1928000000E+001                   438627
   1.2141000000E+001                   401941
   1.2354000000E+001                   363275
   1.2567000000E+001                   330028
   1.2780000000E+001                   294497
   1.2993000000E+001                   260643
   1.3206000000E+001                   231779
   1.3419000000E+001                   207406
   1.3632000000E+001                   185445
   1.3845000000E+001                   161748
   1.4058000000E+001                   141098
   1.4271000000E+001                   124021
   1.4484000000E+001                   111715
   1.4697000000E+001                    99183
   1.4910000000E+001                    83453
   1.5123000000E+001                    67253
   1.5336000000E+001                    52424
   1.5549000000E+001                    40098
   1.5762000000E+001                    29188
   1.5975000000E+001                    20487
   1.6188000000E+001                    14520
   1.6401000000E+001                    11310
   1.6614000000E+001                     8872
   1.6827000000E+001                     6167
   1.7040000000E+001                     3735
   1.7253000000E+001                     2055
   1.7466000000E+001                     1299
   1.7679000000E+001                      926
   1.7892000000E+001                      811
   1.8105000000E+001                      714
   1.8318000000E+001                      433
   1.8531000000E+001                      134
   1.8744000000E+001                       64
   1.8957000000E+001                       14
   1.9170000000E+001                        3
   1.9383000000E+001                        0
   1.9596000000E+001                        0
   1.9809000000E+001                        0
   2.0022000000E+001                        0
   2.0235000000E+001                        0
   2.0448000000E+001                        0
   2.0661000000E+001                        0
   2.0874000000E+001                        0
   2.1087000000E+001                        0
   2.1300000000E+001                        0
