   0.0000000000E+000                  1309914
   2.1300000000E-001                  2617709
   4.2600000000E-001                  2618392
   6.3900000000E-001                  2618142
   8.5200000000E-001                  2620663
   1.0650000000E+000                  2615569
   1.2780000000E+000                  2610430
   1.4910000000E+000                  2614776
   1.7040000000E+000                  2610209
   1.9170000000E+000                  2606720
   2.1300000000E+000                  2601137
   2.3430000000E+000                  2597605
   2.5560000000E+000                  2598337
   2.7690000000E+000                  2585444
   2.9820000000E+000                  2532885
   3.1950000000E+000                  2456948
   3.4080000000E+000                  2398474
   3.6210000000E+000                  2343448
   3.8340000000E+000                  2305315
   4.0470000000E+000                  2264274
   4.2600000000E+000                  2226764
   4.4730000000E+000                  2196134
   4.6860000000E+000                  2160997
   4.8990000000E+000                  2130073
   5.1120000000E+000                  2092442
   5.3250000000E+000                  2043599
   5.5380000000E+000                  1994485
   5.7510000000E+000                  1944370
   5.9640000000E+000                  1890859
   6.1770000000E+000                  1828806
   6.3900000000E+000                  1774502
   6.6030000000E+000                  1727113
   6.8160000000E+000                  1677101
   7.0290000000E+000                  1629942
   7.2420000000E+000                  1580110
   7.4550000000E+000                  1534980
   7.6680000000E+000                  1486177
   7.8810000000E+000                  1434929
   8.0940000000E+000                  1389060
   8.3070000000E+000                  1335687
   8.5200000000E+000                  1285307
   8.7330000000E+000                  1235050
   8.9460000000E+000                  1184036
   9.1590000000E+000                  1136795
   9.3720000000E+000                  1085534
   9.5850000000E+000                  1040770
   9.7980000000E+000                   992298
   1.0011000000E+001                   949740
   1.0224000000E+001                   907227
   1.0437000000E+001                   863580
   1.0650000000E+001                   819043
   1.0863000000E+001                   775944
   1.1076000000E+001                   733775
   1.1289000000E+001                   692418
   1.1502000000E+001                   652917
   1.1715000000E+001                   615872
   1.1928000000E+001                   579625
   1.2141000000E+001                   543772
   1.2354000000E+001                   510038
   1.2567000000E+001                   474504
   1.2780000000E+001                   442203
   1.2993000000E+001                   411400
   1.3206000000E+001                   382306
   1.3419000000E+001                   353081
   1.3632000000E+001                   325860
   1.3845000000E+001                   299108
   1.4058000000E+001                   273584
   1.4271000000E+001                   251284
   1.4484000000E+001                   229817
   1.4697000000E+001                   207963
   1.4910000000E+001                   188247
   1.5123000000E+001                   169037
   1.5336000000E+001                   151090
   1.5549000000E+001                   135598
   1.5762000000E+001                   120450
   1.5975000000E+001                   106317
   1.6188000000E+001                    92548
   1.6401000000E+001                    81682
   1.6614000000E+001                    70587
   1.6827000000E+001                    60559
   1.7040000000E+001                    52407
   1.7253000000E+001                    44869
   1.7466000000E+001                    37297
   1.7679000000E+001                    30554
   1.7892000000E+001                    25376
   1.8105000000E+001                    20528
   1.8318000000E+001                    16623
   1.8531000000E+001                    12776
   1.8744000000E+001                    10017
   1.8957000000E+001                     7677
   1.9170000000E+001                     5601
   1.9383000000E+001                     4098
   1.9596000000E+001                     2755
   1.9809000000E+001                     1820
   2.0022000000E+001                     1051
   2.0235000000E+001                      594
   2.0448000000E+001                      288
   2.0661000000E+001                      149
   2.0874000000E+001                       33
   2.1087000000E+001                        0
   2.1300000000E+001                        0
