   0.0000000000E+000                        0
   2.1300000000E-001                        0
   4.2600000000E-001                        0
   6.3900000000E-001                        0
   8.5200000000E-001                        0
   1.0650000000E+000                        0
   1.2780000000E+000                        0
   1.4910000000E+000                        0
   1.7040000000E+000                        0
   1.9170000000E+000                        0
   2.1300000000E+000                        0
   2.3430000000E+000                        0
   2.5560000000E+000                     1309
   2.7690000000E+000                   736906
   2.9820000000E+000                  3511736
   3.1950000000E+000                  2113948
   3.4080000000E+000                   499221
   3.6210000000E+000                    86289
   3.8340000000E+000                    64954
   4.0470000000E+000                   444752
   4.2600000000E+000                  1014740
   4.4730000000E+000                   691297
   4.6860000000E+000                   428185
   4.8990000000E+000                  1410706
   5.1120000000E+000                  2779249
   5.3250000000E+000                  2717921
   5.5380000000E+000                  1980179
   5.7510000000E+000                  2765684
   5.9640000000E+000                  2578737
   6.1770000000E+000                  1377933
   6.3900000000E+000                   709476
   6.6030000000E+000                   918505
   6.8160000000E+000                  1574490
   7.0290000000E+000                  1956657
   7.2420000000E+000                  1847360
   7.4550000000E+000                  2697337
   7.6680000000E+000                  3614091
   7.8810000000E+000                  3326216
   8.0940000000E+000                  2965932
   8.3070000000E+000                  2473905
   8.5200000000E+000                  2357665
   8.7330000000E+000                  2256681
   8.9460000000E+000                  1693821
   9.1590000000E+000                  1478456
   9.3720000000E+000                  1880350
   9.5850000000E+000                  2166455
   9.7980000000E+000                  2681618
   1.0011000000E+001                  3228041
   1.0224000000E+001                  3414846
   1.0437000000E+001                  3291640
   1.0650000000E+001                  2763077
   1.0863000000E+001                  1908822
   1.1076000000E+001                  1193281
   1.1289000000E+001                  1098765
   1.1502000000E+001                  1664917
   1.1715000000E+001                  2185448
   1.1928000000E+001                  2238620
   1.2141000000E+001                  2202881
   1.2354000000E+001                  2330002
   1.2567000000E+001                  2224002
   1.2780000000E+001                  1741442
   1.2993000000E+001                  1466529
   1.3206000000E+001                  1479173
   1.3419000000E+001                  1290268
   1.3632000000E+001                   893338
   1.3845000000E+001                   625801
   1.4058000000E+001                   800237
   1.4271000000E+001                  1224158
   1.4484000000E+001                  1358948
   1.4697000000E+001                  1162714
   1.4910000000E+001                   979646
   1.5123000000E+001                   826150
   1.5336000000E+001                   633772
   1.5549000000E+001                   382440
   1.5762000000E+001                   202356
   1.5975000000E+001                   167433
   1.6188000000E+001                   183480
   1.6401000000E+001                   146624
   1.6614000000E+001                    89675
   1.6827000000E+001                    37406
   1.7040000000E+001                    11038
   1.7253000000E+001                     9160
   1.7466000000E+001                    16350
   1.7679000000E+001                    15938
   1.7892000000E+001                    10620
   1.8105000000E+001                     5791
   1.8318000000E+001                     1949
   1.8531000000E+001                      420
   1.8744000000E+001                       39
   1.8957000000E+001                        2
   1.9170000000E+001                        0
   1.9383000000E+001                        0
   1.9596000000E+001                        0
   1.9809000000E+001                        0
   2.0022000000E+001                        0
   2.0235000000E+001                        0
   2.0448000000E+001                        0
   2.0661000000E+001                        0
   2.0874000000E+001                        0
   2.1087000000E+001                        0
   2.1300000000E+001                        0
