   0.0000000000E+000                  1520096
   2.1300000000E-001                  3041893
   4.2600000000E-001                  3036546
   6.3900000000E-001                  3046289
   8.5200000000E-001                  3059507
   1.0650000000E+000                  3054994
   1.2780000000E+000                  3021865
   1.4910000000E+000                  3019911
   1.7040000000E+000                  3048260
   1.9170000000E+000                  3063770
   2.1300000000E+000                  3049925
   2.3430000000E+000                  3033315
   2.5560000000E+000                  3039534
   2.7690000000E+000                  3029703
   2.9820000000E+000                  2814052
   3.1950000000E+000                  2597412
   3.4080000000E+000                  2547799
   3.6210000000E+000                  2554506
   3.8340000000E+000                  2555161
   4.0470000000E+000                  2526558
   4.2600000000E+000                  2472480
   4.4730000000E+000                  2442721
   4.6860000000E+000                  2430994
   4.8990000000E+000                  2372578
   5.1120000000E+000                  2250995
   5.3250000000E+000                  2128485
   5.5380000000E+000                  2059321
   5.7510000000E+000                  1958938
   5.9640000000E+000                  1844726
   6.1770000000E+000                  1789614
   6.3900000000E+000                  1779450
   6.6030000000E+000                  1755734
   6.8160000000E+000                  1697840
   7.0290000000E+000                  1629845
   7.2420000000E+000                  1579738
   7.4550000000E+000                  1504568
   7.6680000000E+000                  1394728
   7.8810000000E+000                  1300746
   8.0940000000E+000                  1214457
   8.3070000000E+000                  1151831
   8.5200000000E+000                  1096076
   8.7330000000E+000                  1035991
   8.9460000000E+000                  1001255
   9.1590000000E+000                   968513
   9.3720000000E+000                   924539
   9.5850000000E+000                   869184
   9.7980000000E+000                   804058
   1.0011000000E+001                   728773
   1.0224000000E+001                   663811
   1.0437000000E+001                   590482
   1.0650000000E+001                   534795
   1.0863000000E+001                   501138
   1.1076000000E+001                   484818
   1.1289000000E+001                   468725
   1.1502000000E+001                   432044
   1.1715000000E+001                   384270
   1.1928000000E+001                   345013
   1.2141000000E+001                   306547
   1.2354000000E+001                   261111
   1.2567000000E+001                   221174
   1.2780000000E+001                   200826
   1.2993000000E+001                   179461
   1.3206000000E+001                   153257
   1.3419000000E+001                   130842
   1.3632000000E+001                   122679
   1.3845000000E+001                   117235
   1.4058000000E+001                   103047
   1.4271000000E+001                    77737
   1.4484000000E+001                    54528
   1.4697000000E+001                    42063
   1.4910000000E+001                    29404
   1.5123000000E+001                    17624
   1.5336000000E+001                    10728
   1.5549000000E+001                     8626
   1.5762000000E+001                     7860
   1.5975000000E+001                     5045
   1.6188000000E+001                     2148
   1.6401000000E+001                     1019
   1.6614000000E+001                      733
   1.6827000000E+001                      604
   1.7040000000E+001                      619
   1.7253000000E+001                      519
   1.7466000000E+001                      162
   1.7679000000E+001                       31
   1.7892000000E+001                        1
   1.8105000000E+001                        0
   1.8318000000E+001                        0
   1.8531000000E+001                        0
   1.8744000000E+001                        0
   1.8957000000E+001                        0
   1.9170000000E+001                        0
   1.9383000000E+001                        0
   1.9596000000E+001                        0
   1.9809000000E+001                        0
   2.0022000000E+001                        0
   2.0235000000E+001                        0
   2.0448000000E+001                        0
   2.0661000000E+001                        0
   2.0874000000E+001                        0
   2.1087000000E+001                        0
   2.1300000000E+001                        0
