   0.0000000000E+000                  1308852
   2.1300000000E-001                  2618252
   4.2600000000E-001                  2624109
   6.3900000000E-001                  2622476
   8.5200000000E-001                  2620032
   1.0650000000E+000                  2621163
   1.2780000000E+000                  2618088
   1.4910000000E+000                  2623308
   1.7040000000E+000                  2624078
   1.9170000000E+000                  2628434
   2.1300000000E+000                  2625985
   2.3430000000E+000                  2633344
   2.5560000000E+000                  2629700
   2.7690000000E+000                  2603368
   2.9820000000E+000                  2521771
   3.1950000000E+000                  2437741
   3.4080000000E+000                  2379558
   3.6210000000E+000                  2340711
   3.8340000000E+000                  2306823
   4.0470000000E+000                  2271338
   4.2600000000E+000                  2245636
   4.4730000000E+000                  2216281
   4.6860000000E+000                  2185337
   4.8990000000E+000                  2143635
   5.1120000000E+000                  2101649
   5.3250000000E+000                  2052145
   5.5380000000E+000                  1993081
   5.7510000000E+000                  1935292
   5.9640000000E+000                  1877430
   6.1770000000E+000                  1820478
   6.3900000000E+000                  1770488
   6.6030000000E+000                  1723920
   6.8160000000E+000                  1678582
   7.0290000000E+000                  1633480
   7.2420000000E+000                  1588102
   7.4550000000E+000                  1535893
   7.6680000000E+000                  1488809
   7.8810000000E+000                  1437572
   8.0940000000E+000                  1382252
   8.3070000000E+000                  1325192
   8.5200000000E+000                  1274534
   8.7330000000E+000                  1226564
   8.9460000000E+000                  1174588
   9.1590000000E+000                  1125676
   9.3720000000E+000                  1080492
   9.5850000000E+000                  1035149
   9.7980000000E+000                   989452
   1.0011000000E+001                   945925
   1.0224000000E+001                   901183
   1.0437000000E+001                   855360
   1.0650000000E+001                   810602
   1.0863000000E+001                   768922
   1.1076000000E+001                   725765
   1.1289000000E+001                   683955
   1.1502000000E+001                   645873
   1.1715000000E+001                   608069
   1.1928000000E+001                   572634
   1.2141000000E+001                   537963
   1.2354000000E+001                   502271
   1.2567000000E+001                   470695
   1.2780000000E+001                   437784
   1.2993000000E+001                   408602
   1.3206000000E+001                   377445
   1.3419000000E+001                   348391
   1.3632000000E+001                   320512
   1.3845000000E+001                   294818
   1.4058000000E+001                   270776
   1.4271000000E+001                   246225
   1.4484000000E+001                   223527
   1.4697000000E+001                   204512
   1.4910000000E+001                   185999
   1.5123000000E+001                   167547
   1.5336000000E+001                   151339
   1.5549000000E+001                   134408
   1.5762000000E+001                   117934
   1.5975000000E+001                   105539
   1.6188000000E+001                    93010
   1.6401000000E+001                    81794
   1.6614000000E+001                    70705
   1.6827000000E+001                    60748
   1.7040000000E+001                    51642
   1.7253000000E+001                    43915
   1.7466000000E+001                    37413
   1.7679000000E+001                    31605
   1.7892000000E+001                    26103
   1.8105000000E+001                    21594
   1.8318000000E+001                    16960
   1.8531000000E+001                    13328
   1.8744000000E+001                    10582
   1.8957000000E+001                     7975
   1.9170000000E+001                     6003
   1.9383000000E+001                     4277
   1.9596000000E+001                     2880
   1.9809000000E+001                     1975
   2.0022000000E+001                     1091
   2.0235000000E+001                      590
   2.0448000000E+001                      239
   2.0661000000E+001                      110
   2.0874000000E+001                       42
   2.1087000000E+001                        4
   2.1300000000E+001                        0
