   0.0000000000E+000                  1366194
   2.1300000000E-001                  2735136
   4.2600000000E-001                  2731441
   6.3900000000E-001                  2734154
   8.5200000000E-001                  2736404
   1.0650000000E+000                  2740985
   1.2780000000E+000                  2730390
   1.4910000000E+000                  2741455
   1.7040000000E+000                  2741671
   1.9170000000E+000                  2740143
   2.1300000000E+000                  2746927
   2.3430000000E+000                  2753948
   2.5560000000E+000                  2751852
   2.7690000000E+000                  2725700
   2.9820000000E+000                  2610402
   3.1950000000E+000                  2503141
   3.4080000000E+000                  2437655
   3.6210000000E+000                  2390240
   3.8340000000E+000                  2360514
   4.0470000000E+000                  2334998
   4.2600000000E+000                  2314048
   4.4730000000E+000                  2288241
   4.6860000000E+000                  2255684
   4.8990000000E+000                  2209067
   5.1120000000E+000                  2156806
   5.3250000000E+000                  2091674
   5.5380000000E+000                  2020949
   5.7510000000E+000                  1947559
   5.9640000000E+000                  1879939
   6.1770000000E+000                  1819905
   6.3900000000E+000                  1770956
   6.6030000000E+000                  1723189
   6.8160000000E+000                  1680681
   7.0290000000E+000                  1635459
   7.2420000000E+000                  1589438
   7.4550000000E+000                  1532221
   7.6680000000E+000                  1478622
   7.8810000000E+000                  1415109
   8.0940000000E+000                  1348961
   8.3070000000E+000                  1287196
   8.5200000000E+000                  1229495
   8.7330000000E+000                  1172861
   8.9460000000E+000                  1124303
   9.1590000000E+000                  1079565
   9.3720000000E+000                  1032211
   9.5850000000E+000                   989010
   9.7980000000E+000                   942177
   1.0011000000E+001                   893796
   1.0224000000E+001                   845213
   1.0437000000E+001                   795720
   1.0650000000E+001                   746835
   1.0863000000E+001                   699572
   1.1076000000E+001                   657749
   1.1289000000E+001                   615233
   1.1502000000E+001                   576340
   1.1715000000E+001                   541348
   1.1928000000E+001                   506685
   1.2141000000E+001                   471702
   1.2354000000E+001                   439384
   1.2567000000E+001                   406177
   1.2780000000E+001                   373865
   1.2993000000E+001                   343455
   1.3206000000E+001                   312644
   1.3419000000E+001                   284751
   1.3632000000E+001                   258751
   1.3845000000E+001                   233678
   1.4058000000E+001                   212616
   1.4271000000E+001                   191291
   1.4484000000E+001                   174500
   1.4697000000E+001                   156196
   1.4910000000E+001                   139175
   1.5123000000E+001                   122689
   1.5336000000E+001                   107286
   1.5549000000E+001                    93318
   1.5762000000E+001                    81047
   1.5975000000E+001                    69528
   1.6188000000E+001                    59733
   1.6401000000E+001                    50348
   1.6614000000E+001                    42756
   1.6827000000E+001                    36420
   1.7040000000E+001                    29980
   1.7253000000E+001                    25056
   1.7466000000E+001                    20872
   1.7679000000E+001                    16355
   1.7892000000E+001                    12915
   1.8105000000E+001                    10095
   1.8318000000E+001                     7683
   1.8531000000E+001                     5602
   1.8744000000E+001                     4152
   1.8957000000E+001                     3047
   1.9170000000E+001                     2218
   1.9383000000E+001                     1499
   1.9596000000E+001                      924
   1.9809000000E+001                      562
   2.0022000000E+001                      320
   2.0235000000E+001                      154
   2.0448000000E+001                       69
   2.0661000000E+001                       18
   2.0874000000E+001                        2
   2.1087000000E+001                        0
   2.1300000000E+001                        0
