   0.0000000000E+000                  1404388
   2.1300000000E-001                  2802281
   4.2600000000E-001                  2797536
   6.3900000000E-001                  2803551
   8.5200000000E-001                  2805115
   1.0650000000E+000                  2804607
   1.2780000000E+000                  2804942
   1.4910000000E+000                  2809859
   1.7040000000E+000                  2811626
   1.9170000000E+000                  2809047
   2.1300000000E+000                  2814319
   2.3430000000E+000                  2821381
   2.5560000000E+000                  2825033
   2.7690000000E+000                  2790355
   2.9820000000E+000                  2662080
   3.1950000000E+000                  2530380
   3.4080000000E+000                  2461392
   3.6210000000E+000                  2423589
   3.8340000000E+000                  2396925
   4.0470000000E+000                  2376556
   4.2600000000E+000                  2350293
   4.4730000000E+000                  2332341
   4.6860000000E+000                  2297684
   4.8990000000E+000                  2245382
   5.1120000000E+000                  2177711
   5.3250000000E+000                  2106423
   5.5380000000E+000                  2028343
   5.7510000000E+000                  1949203
   5.9640000000E+000                  1878750
   6.1770000000E+000                  1813023
   6.3900000000E+000                  1769084
   6.6030000000E+000                  1726205
   6.8160000000E+000                  1684585
   7.0290000000E+000                  1643108
   7.2420000000E+000                  1591164
   7.4550000000E+000                  1532763
   7.6680000000E+000                  1461159
   7.8810000000E+000                  1388028
   8.0940000000E+000                  1321583
   8.3070000000E+000                  1257390
   8.5200000000E+000                  1202618
   8.7330000000E+000                  1144451
   8.9460000000E+000                  1097991
   9.1590000000E+000                  1054908
   9.3720000000E+000                  1011395
   9.5850000000E+000                   963987
   9.7980000000E+000                   914937
   1.0011000000E+001                   859207
   1.0224000000E+001                   806843
   1.0437000000E+001                   755504
   1.0650000000E+001                   701531
   1.0863000000E+001                   658485
   1.1076000000E+001                   615886
   1.1289000000E+001                   577515
   1.1502000000E+001                   539674
   1.1715000000E+001                   506416
   1.1928000000E+001                   471533
   1.2141000000E+001                   439304
   1.2354000000E+001                   403800
   1.2567000000E+001                   365645
   1.2780000000E+001                   333954
   1.2993000000E+001                   301183
   1.3206000000E+001                   276422
   1.3419000000E+001                   249046
   1.3632000000E+001                   225522
   1.3845000000E+001                   203055
   1.4058000000E+001                   183691
   1.4271000000E+001                   164681
   1.4484000000E+001                   145445
   1.4697000000E+001                   129151
   1.4910000000E+001                   112634
   1.5123000000E+001                    97213
   1.5336000000E+001                    83425
   1.5549000000E+001                    71526
   1.5762000000E+001                    60779
   1.5975000000E+001                    51790
   1.6188000000E+001                    43631
   1.6401000000E+001                    36316
   1.6614000000E+001                    30070
   1.6827000000E+001                    24937
   1.7040000000E+001                    20560
   1.7253000000E+001                    15901
   1.7466000000E+001                    12497
   1.7679000000E+001                     9817
   1.7892000000E+001                     7418
   1.8105000000E+001                     5600
   1.8318000000E+001                     4004
   1.8531000000E+001                     2840
   1.8744000000E+001                     2080
   1.8957000000E+001                     1466
   1.9170000000E+001                     1032
   1.9383000000E+001                      666
   1.9596000000E+001                      387
   1.9809000000E+001                      203
   2.0022000000E+001                      128
   2.0235000000E+001                       63
   2.0448000000E+001                       41
   2.0661000000E+001                       12
   2.0874000000E+001                        0
   2.1087000000E+001                        0
   2.1300000000E+001                        0
