   0.0000000000E+000                  1430359
   2.1300000000E-001                  2858560
   4.2600000000E-001                  2870431
   6.3900000000E-001                  2930435
   8.5200000000E-001                  2969727
   1.0650000000E+000                  2966987
   1.2780000000E+000                  2905780
   1.4910000000E+000                  2870870
   1.7040000000E+000                  2902212
   1.9170000000E+000                  2935736
   2.1300000000E+000                  2920428
   2.3430000000E+000                  2855536
   2.5560000000E+000                  2816474
   2.7690000000E+000                  2875962
   2.9820000000E+000                  2860115
   3.1950000000E+000                  2619596
   3.4080000000E+000                  2487902
   3.6210000000E+000                  2461967
   3.8340000000E+000                  2466621
   4.0470000000E+000                  2439724
   4.2600000000E+000                  2384496
   4.4730000000E+000                  2329538
   4.6860000000E+000                  2311738
   4.8990000000E+000                  2291128
   5.1120000000E+000                  2233871
   5.3250000000E+000                  2135640
   5.5380000000E+000                  2058597
   5.7510000000E+000                  2009385
   5.9640000000E+000                  1928235
   6.1770000000E+000                  1811046
   6.3900000000E+000                  1739241
   6.6030000000E+000                  1708015
   6.8160000000E+000                  1684002
   7.0290000000E+000                  1626991
   7.2420000000E+000                  1564158
   7.4550000000E+000                  1517296
   7.6680000000E+000                  1469290
   7.8810000000E+000                  1399942
   8.0940000000E+000                  1315488
   8.3070000000E+000                  1243420
   8.5200000000E+000                  1186680
   8.7330000000E+000                  1128300
   8.9460000000E+000                  1057847
   9.1590000000E+000                   993098
   9.3720000000E+000                   950386
   9.5850000000E+000                   920408
   9.7980000000E+000                   876071
   1.0011000000E+001                   825360
   1.0224000000E+001                   777625
   1.0437000000E+001                   725697
   1.0650000000E+001                   665247
   1.0863000000E+001                   597581
   1.1076000000E+001                   540485
   1.1289000000E+001                   506185
   1.1502000000E+001                   486356
   1.1715000000E+001                   462631
   1.1928000000E+001                   419473
   1.2141000000E+001                   372731
   1.2354000000E+001                   341631
   1.2567000000E+001                   310829
   1.2780000000E+001                   273288
   1.2993000000E+001                   240154
   1.3206000000E+001                   216007
   1.3419000000E+001                   200120
   1.3632000000E+001                   176038
   1.3845000000E+001                   145859
   1.4058000000E+001                   123070
   1.4271000000E+001                   111279
   1.4484000000E+001                   103146
   1.4697000000E+001                    88532
   1.4910000000E+001                    69071
   1.5123000000E+001                    52677
   1.5336000000E+001                    43367
   1.5549000000E+001                    33321
   1.5762000000E+001                    22848
   1.5975000000E+001                    15414
   1.6188000000E+001                    12256
   1.6401000000E+001                    11095
   1.6614000000E+001                     8392
   1.6827000000E+001                     4847
   1.7040000000E+001                     2242
   1.7253000000E+001                     1319
   1.7466000000E+001                     1150
   1.7679000000E+001                     1104
   1.7892000000E+001                      978
   1.8105000000E+001                      580
   1.8318000000E+001                      200
   1.8531000000E+001                       70
   1.8744000000E+001                       15
   1.8957000000E+001                        1
   1.9170000000E+001                        0
   1.9383000000E+001                        0
   1.9596000000E+001                        0
   1.9809000000E+001                        0
   2.0022000000E+001                        0
   2.0235000000E+001                        0
   2.0448000000E+001                        0
   2.0661000000E+001                        0
   2.0874000000E+001                        0
   2.1087000000E+001                        0
   2.1300000000E+001                        0
