   0.0000000000E+000                        0
   2.1300000000E-001                        0
   4.2600000000E-001                        0
   6.3900000000E-001                        0
   8.5200000000E-001                        0
   1.0650000000E+000                        0
   1.2780000000E+000                        0
   1.4910000000E+000                        0
   1.7040000000E+000                        0
   1.9170000000E+000                        0
   2.1300000000E+000                        0
   2.3430000000E+000                       47
   2.5560000000E+000                    54527
   2.7690000000E+000                   628290
   2.9820000000E+000                  1156353
   3.1950000000E+000                  1065749
   3.4080000000E+000                   843489
   3.6210000000E+000                   692455
   3.8340000000E+000                   616770
   4.0470000000E+000                   594070
   4.2600000000E+000                   610301
   4.4730000000E+000                   666838
   4.6860000000E+000                   766157
   4.8990000000E+000                   910338
   5.1120000000E+000                  1091808
   5.3250000000E+000                  1276759
   5.5380000000E+000                  1445694
   5.7510000000E+000                  1563560
   5.9640000000E+000                  1596474
   6.1770000000E+000                  1559535
   6.3900000000E+000                  1519593
   6.6030000000E+000                  1490687
   6.8160000000E+000                  1495407
   7.0290000000E+000                  1536698
   7.2420000000E+000                  1609018
   7.4550000000E+000                  1706674
   7.6680000000E+000                  1811697
   7.8810000000E+000                  1912879
   8.0940000000E+000                  1999121
   8.3070000000E+000                  2053784
   8.5200000000E+000                  2078478
   8.7330000000E+000                  2081134
   8.9460000000E+000                  2066098
   9.1590000000E+000                  2056198
   9.3720000000E+000                  2048644
   9.5850000000E+000                  2059109
   9.7980000000E+000                  2079980
   1.0011000000E+001                  2102770
   1.0224000000E+001                  2127637
   1.0437000000E+001                  2145427
   1.0650000000E+001                  2159681
   1.0863000000E+001                  2163140
   1.1076000000E+001                  2148367
   1.1289000000E+001                  2123363
   1.1502000000E+001                  2094556
   1.1715000000E+001                  2056867
   1.1928000000E+001                  2019037
   1.2141000000E+001                  1981631
   1.2354000000E+001                  1950550
   1.2567000000E+001                  1916408
   1.2780000000E+001                  1885331
   1.2993000000E+001                  1844597
   1.3206000000E+001                  1803234
   1.3419000000E+001                  1752208
   1.3632000000E+001                  1703015
   1.3845000000E+001                  1645031
   1.4058000000E+001                  1585352
   1.4271000000E+001                  1519038
   1.4484000000E+001                  1452962
   1.4697000000E+001                  1386149
   1.4910000000E+001                  1322312
   1.5123000000E+001                  1255169
   1.5336000000E+001                  1191238
   1.5549000000E+001                  1124205
   1.5762000000E+001                  1059634
   1.5975000000E+001                   995272
   1.6188000000E+001                   925361
   1.6401000000E+001                   857654
   1.6614000000E+001                   791949
   1.6827000000E+001                   724702
   1.7040000000E+001                   660149
   1.7253000000E+001                   598802
   1.7466000000E+001                   536718
   1.7679000000E+001                   479612
   1.7892000000E+001                   425574
   1.8105000000E+001                   373402
   1.8318000000E+001                   325817
   1.8531000000E+001                   281999
   1.8744000000E+001                   240981
   1.8957000000E+001                   203265
   1.9170000000E+001                   168065
   1.9383000000E+001                   135276
   1.9596000000E+001                   106510
   1.9809000000E+001                    80840
   2.0022000000E+001                    57387
   2.0235000000E+001                    38235
   2.0448000000E+001                    22809
   2.0661000000E+001                    11294
   2.0874000000E+001                     4170
   2.1087000000E+001                      816
   2.1300000000E+001                       19
