   0.0000000000E+000                  1388052
   2.1300000000E-001                  2777916
   4.2600000000E-001                  2775724
   6.3900000000E-001                  2776303
   8.5200000000E-001                  2779010
   1.0650000000E+000                  2776879
   1.2780000000E+000                  2777601
   1.4910000000E+000                  2778920
   1.7040000000E+000                  2783052
   1.9170000000E+000                  2787196
   2.1300000000E+000                  2785454
   2.3430000000E+000                  2787025
   2.5560000000E+000                  2795213
   2.7690000000E+000                  2763500
   2.9820000000E+000                  2644106
   3.1950000000E+000                  2516683
   3.4080000000E+000                  2451838
   3.6210000000E+000                  2416088
   3.8340000000E+000                  2385412
   4.0470000000E+000                  2362190
   4.2600000000E+000                  2339849
   4.4730000000E+000                  2311276
   4.6860000000E+000                  2278646
   4.8990000000E+000                  2229463
   5.1120000000E+000                  2161220
   5.3250000000E+000                  2098438
   5.5380000000E+000                  2028411
   5.7510000000E+000                  1953937
   5.9640000000E+000                  1881403
   6.1770000000E+000                  1823431
   6.3900000000E+000                  1769465
   6.6030000000E+000                  1723624
   6.8160000000E+000                  1683901
   7.0290000000E+000                  1638695
   7.2420000000E+000                  1586360
   7.4550000000E+000                  1527296
   7.6680000000E+000                  1463077
   7.8810000000E+000                  1397851
   8.0940000000E+000                  1334249
   8.3070000000E+000                  1272032
   8.5200000000E+000                  1217088
   8.7330000000E+000                  1160830
   8.9460000000E+000                  1114068
   9.1590000000E+000                  1063938
   9.3720000000E+000                  1013625
   9.5850000000E+000                   970338
   9.7980000000E+000                   922708
   1.0011000000E+001                   873547
   1.0224000000E+001                   821230
   1.0437000000E+001                   770534
   1.0650000000E+001                   722376
   1.0863000000E+001                   679039
   1.1076000000E+001                   635039
   1.1289000000E+001                   591797
   1.1502000000E+001                   555592
   1.1715000000E+001                   520052
   1.1928000000E+001                   484687
   1.2141000000E+001                   447998
   1.2354000000E+001                   415741
   1.2567000000E+001                   381682
   1.2780000000E+001                   349214
   1.2993000000E+001                   319731
   1.3206000000E+001                   291021
   1.3419000000E+001                   263991
   1.3632000000E+001                   238854
   1.3845000000E+001                   216094
   1.4058000000E+001                   194414
   1.4271000000E+001                   174701
   1.4484000000E+001                   156046
   1.4697000000E+001                   139242
   1.4910000000E+001                   121864
   1.5123000000E+001                   106642
   1.5336000000E+001                    92882
   1.5549000000E+001                    79974
   1.5762000000E+001                    69168
   1.5975000000E+001                    58624
   1.6188000000E+001                    50256
   1.6401000000E+001                    42448
   1.6614000000E+001                    35532
   1.6827000000E+001                    29360
   1.7040000000E+001                    23953
   1.7253000000E+001                    19299
   1.7466000000E+001                    15650
   1.7679000000E+001                    12140
   1.7892000000E+001                     9634
   1.8105000000E+001                     7360
   1.8318000000E+001                     5403
   1.8531000000E+001                     4158
   1.8744000000E+001                     3186
   1.8957000000E+001                     2371
   1.9170000000E+001                     1598
   1.9383000000E+001                     1011
   1.9596000000E+001                      648
   1.9809000000E+001                      381
   2.0022000000E+001                      233
   2.0235000000E+001                      139
   2.0448000000E+001                       57
   2.0661000000E+001                       24
   2.0874000000E+001                        2
   2.1087000000E+001                        0
   2.1300000000E+001                        0
