   0.0000000000E+000                  1524762
   2.1300000000E-001                  3042320
   4.2600000000E-001                  3043842
   6.3900000000E-001                  3063802
   8.5200000000E-001                  3090080
   1.0650000000E+000                  3065540
   1.2780000000E+000                  3017935
   1.4910000000E+000                  3022408
   1.7040000000E+000                  3056761
   1.9170000000E+000                  3087291
   2.1300000000E+000                  3072448
   2.3430000000E+000                  3036577
   2.5560000000E+000                  3033263
   2.7690000000E+000                  3043700
   2.9820000000E+000                  2810353
   3.1950000000E+000                  2598915
   3.4080000000E+000                  2563402
   3.6210000000E+000                  2560923
   3.8340000000E+000                  2563558
   4.0470000000E+000                  2533724
   4.2600000000E+000                  2473975
   4.4730000000E+000                  2446950
   4.6860000000E+000                  2443989
   4.8990000000E+000                  2382294
   5.1120000000E+000                  2239726
   5.3250000000E+000                  2120841
   5.5380000000E+000                  2063939
   5.7510000000E+000                  1960335
   5.9640000000E+000                  1838895
   6.1770000000E+000                  1795476
   6.3900000000E+000                  1787113
   6.6030000000E+000                  1755929
   6.8160000000E+000                  1690705
   7.0290000000E+000                  1623767
   7.2420000000E+000                  1581130
   7.4550000000E+000                  1508103
   7.6680000000E+000                  1382173
   7.8810000000E+000                  1291326
   8.0940000000E+000                  1208070
   8.3070000000E+000                  1150315
   8.5200000000E+000                  1092033
   8.7330000000E+000                  1034766
   8.9460000000E+000                   994866
   9.1590000000E+000                   966567
   9.3720000000E+000                   919749
   9.5850000000E+000                   863980
   9.7980000000E+000                   791814
   1.0011000000E+001                   721014
   1.0224000000E+001                   656813
   1.0437000000E+001                   586495
   1.0650000000E+001                   524721
   1.0863000000E+001                   498868
   1.1076000000E+001                   483419
   1.1289000000E+001                   466603
   1.1502000000E+001                   425329
   1.1715000000E+001                   373879
   1.1928000000E+001                   340996
   1.2141000000E+001                   303890
   1.2354000000E+001                   254248
   1.2567000000E+001                   211788
   1.2780000000E+001                   196714
   1.2993000000E+001                   175446
   1.3206000000E+001                   147700
   1.3419000000E+001                   129919
   1.3632000000E+001                   122232
   1.3845000000E+001                   117610
   1.4058000000E+001                    99650
   1.4271000000E+001                    68715
   1.4484000000E+001                    48742
   1.4697000000E+001                    39665
   1.4910000000E+001                    26392
   1.5123000000E+001                    14843
   1.5336000000E+001                     9485
   1.5549000000E+001                     8511
   1.5762000000E+001                     7087
   1.5975000000E+001                     4102
   1.6188000000E+001                     1541
   1.6401000000E+001                      866
   1.6614000000E+001                      739
   1.6827000000E+001                      526
   1.7040000000E+001                      526
   1.7253000000E+001                      366
   1.7466000000E+001                      115
   1.7679000000E+001                       15
   1.7892000000E+001                        0
   1.8105000000E+001                        0
   1.8318000000E+001                        0
   1.8531000000E+001                        0
   1.8744000000E+001                        0
   1.8957000000E+001                        0
   1.9170000000E+001                        0
   1.9383000000E+001                        0
   1.9596000000E+001                        0
   1.9809000000E+001                        0
   2.0022000000E+001                        0
   2.0235000000E+001                        0
   2.0448000000E+001                        0
   2.0661000000E+001                        0
   2.0874000000E+001                        0
   2.1087000000E+001                        0
   2.1300000000E+001                        0
