   0.0000000000E+000                        0
   2.1300000000E-001                        0
   4.2600000000E-001                        0
   6.3900000000E-001                        0
   8.5200000000E-001                        0
   1.0650000000E+000                        0
   1.2780000000E+000                        0
   1.4910000000E+000                        0
   1.7040000000E+000                        0
   1.9170000000E+000                        0
   2.1300000000E+000                        0
   2.3430000000E+000                        0
   2.5560000000E+000                     4637
   2.7690000000E+000                   802427
   2.9820000000E+000                  3006069
   3.1950000000E+000                  2103904
   3.4080000000E+000                   748584
   3.6210000000E+000                   226332
   3.8340000000E+000                   146367
   4.0470000000E+000                   410932
   4.2600000000E+000                   804989
   4.4730000000E+000                   714866
   4.6860000000E+000                   583294
   4.8990000000E+000                  1320535
   5.1120000000E+000                  2401887
   5.3250000000E+000                  2557425
   5.5380000000E+000                  2179747
   5.7510000000E+000                  2594955
   5.9640000000E+000                  2515254
   6.1770000000E+000                  1618907
   6.3900000000E+000                   937965
   6.6030000000E+000                   925871
   6.8160000000E+000                  1398090
   7.0290000000E+000                  1812670
   7.2420000000E+000                  1889895
   7.4550000000E+000                  2501513
   7.6680000000E+000                  3312280
   7.8810000000E+000                  3304091
   8.0940000000E+000                  2959941
   8.3070000000E+000                  2582315
   8.5200000000E+000                  2413656
   8.7330000000E+000                  2295221
   8.9460000000E+000                  1853552
   9.1590000000E+000                  1565893
   9.3720000000E+000                  1781496
   9.5850000000E+000                  2105383
   9.7980000000E+000                  2473374
   1.0011000000E+001                  2948403
   1.0224000000E+001                  3265425
   1.0437000000E+001                  3272867
   1.0650000000E+001                  2897196
   1.0863000000E+001                  2207278
   1.1076000000E+001                  1521361
   1.1289000000E+001                  1214727
   1.1502000000E+001                  1465364
   1.1715000000E+001                  1921208
   1.1928000000E+001                  2172680
   1.2141000000E+001                  2218370
   1.2354000000E+001                  2248558
   1.2567000000E+001                  2201619
   1.2780000000E+001                  1910179
   1.2993000000E+001                  1602097
   1.3206000000E+001                  1485547
   1.3419000000E+001                  1362716
   1.3632000000E+001                  1084458
   1.3845000000E+001                   804204
   1.4058000000E+001                   761948
   1.4271000000E+001                   995669
   1.4484000000E+001                  1224561
   1.4697000000E+001                  1217243
   1.4910000000E+001                  1070168
   1.5123000000E+001                   909186
   1.5336000000E+001                   734288
   1.5549000000E+001                   527165
   1.5762000000E+001                   328618
   1.5975000000E+001                   219254
   1.6188000000E+001                   187012
   1.6401000000E+001                   164998
   1.6614000000E+001                   122118
   1.6827000000E+001                    73847
   1.7040000000E+001                    36384
   1.7253000000E+001                    17380
   1.7466000000E+001                    15371
   1.7679000000E+001                    15619
   1.7892000000E+001                    12966
   1.8105000000E+001                     9568
   1.8318000000E+001                     5203
   1.8531000000E+001                     2062
   1.8744000000E+001                      614
   1.8957000000E+001                      147
   1.9170000000E+001                       33
   1.9383000000E+001                        1
   1.9596000000E+001                        3
   1.9809000000E+001                        0
   2.0022000000E+001                        0
   2.0235000000E+001                        0
   2.0448000000E+001                        0
   2.0661000000E+001                        0
   2.0874000000E+001                        0
   2.1087000000E+001                        0
   2.1300000000E+001                        0
