   0.0000000000E+000                  1348460
   2.1300000000E-001                  2692666
   4.2600000000E-001                  2696651
   6.3900000000E-001                  2692595
   8.5200000000E-001                  2695539
   1.0650000000E+000                  2702377
   1.2780000000E+000                  2703219
   1.4910000000E+000                  2700667
   1.7040000000E+000                  2699758
   1.9170000000E+000                  2703949
   2.1300000000E+000                  2702465
   2.3430000000E+000                  2703554
   2.5560000000E+000                  2706255
   2.7690000000E+000                  2682398
   2.9820000000E+000                  2579624
   3.1950000000E+000                  2487209
   3.4080000000E+000                  2423315
   3.6210000000E+000                  2379097
   3.8340000000E+000                  2345796
   4.0470000000E+000                  2318338
   4.2600000000E+000                  2289274
   4.4730000000E+000                  2262490
   4.6860000000E+000                  2225261
   4.8990000000E+000                  2182277
   5.1120000000E+000                  2132255
   5.3250000000E+000                  2076086
   5.5380000000E+000                  2008519
   5.7510000000E+000                  1944621
   5.9640000000E+000                  1887011
   6.1770000000E+000                  1825667
   6.3900000000E+000                  1770926
   6.6030000000E+000                  1724177
   6.8160000000E+000                  1678637
   7.0290000000E+000                  1634362
   7.2420000000E+000                  1581467
   7.4550000000E+000                  1529895
   7.6680000000E+000                  1475285
   7.8810000000E+000                  1417049
   8.0940000000E+000                  1360223
   8.3070000000E+000                  1300636
   8.5200000000E+000                  1248495
   8.7330000000E+000                  1193567
   8.9460000000E+000                  1141392
   9.1590000000E+000                  1092207
   9.3720000000E+000                  1046676
   9.5850000000E+000                  1000186
   9.7980000000E+000                   953050
   1.0011000000E+001                   907259
   1.0224000000E+001                   862496
   1.0437000000E+001                   816187
   1.0650000000E+001                   769418
   1.0863000000E+001                   723023
   1.1076000000E+001                   680142
   1.1289000000E+001                   638663
   1.1502000000E+001                   600389
   1.1715000000E+001                   562947
   1.1928000000E+001                   527619
   1.2141000000E+001                   493654
   1.2354000000E+001                   459338
   1.2567000000E+001                   427756
   1.2780000000E+001                   396467
   1.2993000000E+001                   365059
   1.3206000000E+001                   336745
   1.3419000000E+001                   307047
   1.3632000000E+001                   282134
   1.3845000000E+001                   257935
   1.4058000000E+001                   233314
   1.4271000000E+001                   212664
   1.4484000000E+001                   192653
   1.4697000000E+001                   174077
   1.4910000000E+001                   156227
   1.5123000000E+001                   139416
   1.5336000000E+001                   124514
   1.5549000000E+001                   109586
   1.5762000000E+001                    96332
   1.5975000000E+001                    84019
   1.6188000000E+001                    73026
   1.6401000000E+001                    63195
   1.6614000000E+001                    53530
   1.6827000000E+001                    45569
   1.7040000000E+001                    38127
   1.7253000000E+001                    32047
   1.7466000000E+001                    26957
   1.7679000000E+001                    22264
   1.7892000000E+001                    18027
   1.8105000000E+001                    14377
   1.8318000000E+001                    11374
   1.8531000000E+001                     8867
   1.8744000000E+001                     6369
   1.8957000000E+001                     4723
   1.9170000000E+001                     3323
   1.9383000000E+001                     2311
   1.9596000000E+001                     1502
   1.9809000000E+001                      884
   2.0022000000E+001                      434
   2.0235000000E+001                      228
   2.0448000000E+001                      103
   2.0661000000E+001                       50
   2.0874000000E+001                        9
   2.1087000000E+001                        1
   2.1300000000E+001                        0
