   0.0000000000E+000                  1512452
   2.1300000000E-001                  3029049
   4.2600000000E-001                  3030868
   6.3900000000E-001                  3034015
   8.5200000000E-001                  3039759
   1.0650000000E+000                  3019815
   1.2780000000E+000                  3001455
   1.4910000000E+000                  3003907
   1.7040000000E+000                  3022133
   1.9170000000E+000                  3047186
   2.1300000000E+000                  3057044
   2.3430000000E+000                  3035459
   2.5560000000E+000                  3024711
   2.7690000000E+000                  3004100
   2.9820000000E+000                  2798364
   3.1950000000E+000                  2604895
   3.4080000000E+000                  2549232
   3.6210000000E+000                  2536572
   3.8340000000E+000                  2532562
   4.0470000000E+000                  2518745
   4.2600000000E+000                  2472951
   4.4730000000E+000                  2438576
   4.6860000000E+000                  2425102
   4.8990000000E+000                  2375751
   5.1120000000E+000                  2257507
   5.3250000000E+000                  2133615
   5.5380000000E+000                  2045879
   5.7510000000E+000                  1952009
   5.9640000000E+000                  1850912
   6.1770000000E+000                  1800084
   6.3900000000E+000                  1773722
   6.6030000000E+000                  1746536
   6.8160000000E+000                  1698841
   7.0290000000E+000                  1633683
   7.2420000000E+000                  1583152
   7.4550000000E+000                  1513050
   7.6680000000E+000                  1409239
   7.8810000000E+000                  1309455
   8.0940000000E+000                  1215578
   8.3070000000E+000                  1146619
   8.5200000000E+000                  1093162
   8.7330000000E+000                  1045883
   8.9460000000E+000                  1007697
   9.1590000000E+000                   971702
   9.3720000000E+000                   928587
   9.5850000000E+000                   872050
   9.7980000000E+000                   814810
   1.0011000000E+001                   743761
   1.0224000000E+001                   671203
   1.0437000000E+001                   606211
   1.0650000000E+001                   548400
   1.0863000000E+001                   505110
   1.1076000000E+001                   480212
   1.1289000000E+001                   465756
   1.1502000000E+001                   442295
   1.1715000000E+001                   401337
   1.1928000000E+001                   358022
   1.2141000000E+001                   319289
   1.2354000000E+001                   275688
   1.2567000000E+001                   234468
   1.2780000000E+001                   203150
   1.2993000000E+001                   180279
   1.3206000000E+001                   157856
   1.3419000000E+001                   139897
   1.3632000000E+001                   129006
   1.3845000000E+001                   121601
   1.4058000000E+001                   109152
   1.4271000000E+001                    86759
   1.4484000000E+001                    62894
   1.4697000000E+001                    46739
   1.4910000000E+001                    34050
   1.5123000000E+001                    21810
   1.5336000000E+001                    14379
   1.5549000000E+001                     9694
   1.5762000000E+001                     7752
   1.5975000000E+001                     5559
   1.6188000000E+001                     3624
   1.6401000000E+001                     1924
   1.6614000000E+001                     1212
   1.6827000000E+001                      913
   1.7040000000E+001                      593
   1.7253000000E+001                      440
   1.7466000000E+001                      322
   1.7679000000E+001                      152
   1.7892000000E+001                       16
   1.8105000000E+001                        0
   1.8318000000E+001                        0
   1.8531000000E+001                        0
   1.8744000000E+001                        0
   1.8957000000E+001                        0
   1.9170000000E+001                        0
   1.9383000000E+001                        0
   1.9596000000E+001                        0
   1.9809000000E+001                        0
   2.0022000000E+001                        0
   2.0235000000E+001                        0
   2.0448000000E+001                        0
   2.0661000000E+001                        0
   2.0874000000E+001                        0
   2.1087000000E+001                        0
   2.1300000000E+001                        0
