   0.0000000000E+000                  1528431
   2.1300000000E-001                  3047686
   4.2600000000E-001                  3039777
   6.3900000000E-001                  3044227
   8.5200000000E-001                  3046589
   1.0650000000E+000                  3033049
   1.2780000000E+000                  3026375
   1.4910000000E+000                  3026098
   1.7040000000E+000                  3034859
   1.9170000000E+000                  3059504
   2.1300000000E+000                  3063012
   2.3430000000E+000                  3045445
   2.5560000000E+000                  3049840
   2.7690000000E+000                  3028467
   2.9820000000E+000                  2801889
   3.1950000000E+000                  2597445
   3.4080000000E+000                  2547165
   3.6210000000E+000                  2540000
   3.8340000000E+000                  2550781
   4.0470000000E+000                  2538962
   4.2600000000E+000                  2479966
   4.4730000000E+000                  2440214
   4.6860000000E+000                  2436551
   4.8990000000E+000                  2380362
   5.1120000000E+000                  2258658
   5.3250000000E+000                  2122845
   5.5380000000E+000                  2058891
   5.7510000000E+000                  1949327
   5.9640000000E+000                  1844940
   6.1770000000E+000                  1789832
   6.3900000000E+000                  1775664
   6.6030000000E+000                  1756693
   6.8160000000E+000                  1705437
   7.0290000000E+000                  1630140
   7.2420000000E+000                  1581333
   7.4550000000E+000                  1510369
   7.6680000000E+000                  1394176
   7.8810000000E+000                  1296876
   8.0940000000E+000                  1210200
   8.3070000000E+000                  1141912
   8.5200000000E+000                  1092168
   8.7330000000E+000                  1036764
   8.9460000000E+000                   999681
   9.1590000000E+000                   969002
   9.3720000000E+000                   927463
   9.5850000000E+000                   872126
   9.7980000000E+000                   805314
   1.0011000000E+001                   724960
   1.0224000000E+001                   660203
   1.0437000000E+001                   592724
   1.0650000000E+001                   534851
   1.0863000000E+001                   498996
   1.1076000000E+001                   479793
   1.1289000000E+001                   467262
   1.1502000000E+001                   434986
   1.1715000000E+001                   389040
   1.1928000000E+001                   350378
   1.2141000000E+001                   311598
   1.2354000000E+001                   264001
   1.2567000000E+001                   219522
   1.2780000000E+001                   195473
   1.2993000000E+001                   177128
   1.3206000000E+001                   152653
   1.3419000000E+001                   133991
   1.3632000000E+001                   126559
   1.3845000000E+001                   120795
   1.4058000000E+001                   104379
   1.4271000000E+001                    77080
   1.4484000000E+001                    54802
   1.4697000000E+001                    41608
   1.4910000000E+001                    29147
   1.5123000000E+001                    17467
   1.5336000000E+001                    10439
   1.5549000000E+001                     8126
   1.5762000000E+001                     6371
   1.5975000000E+001                     4252
   1.6188000000E+001                     1976
   1.6401000000E+001                      861
   1.6614000000E+001                      670
   1.6827000000E+001                      496
   1.7040000000E+001                      450
   1.7253000000E+001                      305
   1.7466000000E+001                      115
   1.7679000000E+001                       37
   1.7892000000E+001                        1
   1.8105000000E+001                        0
   1.8318000000E+001                        0
   1.8531000000E+001                        0
   1.8744000000E+001                        0
   1.8957000000E+001                        0
   1.9170000000E+001                        0
   1.9383000000E+001                        0
   1.9596000000E+001                        0
   1.9809000000E+001                        0
   2.0022000000E+001                        0
   2.0235000000E+001                        0
   2.0448000000E+001                        0
   2.0661000000E+001                        0
   2.0874000000E+001                        0
   2.1087000000E+001                        0
   2.1300000000E+001                        0
