   0.0000000000E+000                  1462929
   2.1300000000E-001                  2863838
   4.2600000000E-001                  2855324
   6.3900000000E-001                  2962732
   8.5200000000E-001                  3083712
   1.0650000000E+000                  3043380
   1.2780000000E+000                  2883484
   1.4910000000E+000                  2823399
   1.7040000000E+000                  2921374
   1.9170000000E+000                  3012912
   2.1300000000E+000                  3011659
   2.3430000000E+000                  2868122
   2.5560000000E+000                  2774409
   2.7690000000E+000                  2910681
   2.9820000000E+000                  2948163
   3.1950000000E+000                  2590107
   3.4080000000E+000                  2475360
   3.6210000000E+000                  2485919
   3.8340000000E+000                  2515928
   4.0470000000E+000                  2472580
   4.2600000000E+000                  2382222
   4.4730000000E+000                  2312315
   4.6860000000E+000                  2320519
   4.8990000000E+000                  2338844
   5.1120000000E+000                  2253485
   5.3250000000E+000                  2124368
   5.5380000000E+000                  2037030
   5.7510000000E+000                  2036900
   5.9640000000E+000                  1950413
   6.1770000000E+000                  1791608
   6.3900000000E+000                  1718074
   6.6030000000E+000                  1719524
   6.8160000000E+000                  1699384
   7.0290000000E+000                  1614555
   7.2420000000E+000                  1536366
   7.4550000000E+000                  1496144
   7.6680000000E+000                  1478463
   7.8810000000E+000                  1411899
   8.0940000000E+000                  1309600
   8.3070000000E+000                  1229432
   8.5200000000E+000                  1162098
   8.7330000000E+000                  1121749
   8.9460000000E+000                  1040037
   9.1590000000E+000                   976138
   9.3720000000E+000                   928379
   9.5850000000E+000                   915495
   9.7980000000E+000                   865962
   1.0011000000E+001                   807070
   1.0224000000E+001                   748724
   1.0437000000E+001                   703533
   1.0650000000E+001                   651380
   1.0863000000E+001                   583917
   1.1076000000E+001                   527627
   1.1289000000E+001                   486198
   1.1502000000E+001                   472019
   1.1715000000E+001                   448954
   1.1928000000E+001                   395907
   1.2141000000E+001                   348986
   1.2354000000E+001                   327585
   1.2567000000E+001                   295531
   1.2780000000E+001                   257773
   1.2993000000E+001                   219299
   1.3206000000E+001                   201962
   1.3419000000E+001                   191742
   1.3632000000E+001                   161700
   1.3845000000E+001                   132108
   1.4058000000E+001                   114136
   1.4271000000E+001                   104713
   1.4484000000E+001                    98241
   1.4697000000E+001                    77367
   1.4910000000E+001                    49644
   1.5123000000E+001                    45499
   1.5336000000E+001                    39660
   1.5549000000E+001                    22480
   1.5762000000E+001                    14063
   1.5975000000E+001                    12482
   1.6188000000E+001                    11918
   1.6401000000E+001                     9301
   1.6614000000E+001                     4919
   1.6827000000E+001                     1814
   1.7040000000E+001                     1080
   1.7253000000E+001                      977
   1.7466000000E+001                      940
   1.7679000000E+001                     1028
   1.7892000000E+001                      543
   1.8105000000E+001                      138
   1.8318000000E+001                       27
   1.8531000000E+001                        0
   1.8744000000E+001                        0
   1.8957000000E+001                        0
   1.9170000000E+001                        0
   1.9383000000E+001                        0
   1.9596000000E+001                        0
   1.9809000000E+001                        0
   2.0022000000E+001                        0
   2.0235000000E+001                        0
   2.0448000000E+001                        0
   2.0661000000E+001                        0
   2.0874000000E+001                        0
   2.1087000000E+001                        0
   2.1300000000E+001                        0
