   0.0000000000E+000                  1405127
   2.1300000000E-001                  2813957
   4.2600000000E-001                  2818595
   6.3900000000E-001                  2816880
   8.5200000000E-001                  2817518
   1.0650000000E+000                  2820880
   1.2780000000E+000                  2815031
   1.4910000000E+000                  2818500
   1.7040000000E+000                  2818526
   1.9170000000E+000                  2821932
   2.1300000000E+000                  2826380
   2.3430000000E+000                  2828151
   2.5560000000E+000                  2832513
   2.7690000000E+000                  2803295
   2.9820000000E+000                  2671072
   3.1950000000E+000                  2545015
   3.4080000000E+000                  2470875
   3.6210000000E+000                  2430871
   3.8340000000E+000                  2407094
   4.0470000000E+000                  2381201
   4.2600000000E+000                  2360008
   4.4730000000E+000                  2332100
   4.6860000000E+000                  2299707
   4.8990000000E+000                  2251046
   5.1120000000E+000                  2181333
   5.3250000000E+000                  2110734
   5.5380000000E+000                  2029752
   5.7510000000E+000                  1950943
   5.9640000000E+000                  1881168
   6.1770000000E+000                  1816229
   6.3900000000E+000                  1765054
   6.6030000000E+000                  1725906
   6.8160000000E+000                  1686244
   7.0290000000E+000                  1639677
   7.2420000000E+000                  1588248
   7.4550000000E+000                  1525088
   7.6680000000E+000                  1456875
   7.8810000000E+000                  1384432
   8.0940000000E+000                  1317919
   8.3070000000E+000                  1254431
   8.5200000000E+000                  1197675
   8.7330000000E+000                  1141767
   8.9460000000E+000                  1093787
   9.1590000000E+000                  1045079
   9.3720000000E+000                  1000069
   9.5850000000E+000                   957412
   9.7980000000E+000                   907786
   1.0011000000E+001                   853299
   1.0224000000E+001                   798211
   1.0437000000E+001                   744842
   1.0650000000E+001                   697209
   1.0863000000E+001                   651352
   1.1076000000E+001                   608697
   1.1289000000E+001                   570972
   1.1502000000E+001                   532203
   1.1715000000E+001                   500329
   1.1928000000E+001                   465492
   1.2141000000E+001                   428213
   1.2354000000E+001                   395051
   1.2567000000E+001                   361950
   1.2780000000E+001                   328643
   1.2993000000E+001                   298226
   1.3206000000E+001                   269021
   1.3419000000E+001                   243785
   1.3632000000E+001                   220691
   1.3845000000E+001                   199523
   1.4058000000E+001                   178835
   1.4271000000E+001                   160442
   1.4484000000E+001                   141926
   1.4697000000E+001                   125065
   1.4910000000E+001                   109223
   1.5123000000E+001                    94434
   1.5336000000E+001                    80497
   1.5549000000E+001                    69050
   1.5762000000E+001                    58569
   1.5975000000E+001                    49400
   1.6188000000E+001                    41779
   1.6401000000E+001                    35049
   1.6614000000E+001                    29217
   1.6827000000E+001                    24068
   1.7040000000E+001                    18970
   1.7253000000E+001                    15353
   1.7466000000E+001                    12054
   1.7679000000E+001                     9169
   1.7892000000E+001                     7180
   1.8105000000E+001                     5513
   1.8318000000E+001                     3935
   1.8531000000E+001                     2927
   1.8744000000E+001                     1977
   1.8957000000E+001                     1356
   1.9170000000E+001                      958
   1.9383000000E+001                      643
   1.9596000000E+001                      354
   1.9809000000E+001                      262
   2.0022000000E+001                      146
   2.0235000000E+001                       34
   2.0448000000E+001                       17
   2.0661000000E+001                        6
   2.0874000000E+001                        1
   2.1087000000E+001                        0
   2.1300000000E+001                        0
