   0.0000000000E+000                        0
   2.1300000000E-001                        0
   4.2600000000E-001                        0
   6.3900000000E-001                        0
   8.5200000000E-001                        0
   1.0650000000E+000                        0
   1.2780000000E+000                        0
   1.4910000000E+000                        0
   1.7040000000E+000                        0
   1.9170000000E+000                        0
   2.1300000000E+000                        0
   2.3430000000E+000                        3
   2.5560000000E+000                    17706
   2.7690000000E+000                   799738
   2.9820000000E+000                  1996434
   3.1950000000E+000                  1572949
   3.4080000000E+000                   951734
   3.6210000000E+000                   627549
   3.8340000000E+000                   489234
   4.0470000000E+000                   459127
   4.2600000000E+000                   500494
   4.4730000000E+000                   613946
   4.6860000000E+000                   861608
   4.8990000000E+000                  1260576
   5.1120000000E+000                  1657787
   5.3250000000E+000                  1868257
   5.5380000000E+000                  1970301
   5.7510000000E+000                  2065004
   5.9640000000E+000                  1996271
   6.1770000000E+000                  1759050
   6.3900000000E+000                  1507873
   6.6030000000E+000                  1360096
   6.8160000000E+000                  1374194
   7.0290000000E+000                  1532026
   7.2420000000E+000                  1810772
   7.4550000000E+000                  2155811
   7.6680000000E+000                  2457968
   7.8810000000E+000                  2581903
   8.0940000000E+000                  2541559
   8.3070000000E+000                  2427482
   8.5200000000E+000                  2314521
   8.7330000000E+000                  2203726
   8.9460000000E+000                  2109710
   9.1590000000E+000                  2029714
   9.3720000000E+000                  2010637
   9.5850000000E+000                  2082063
   9.7980000000E+000                  2231795
   1.0011000000E+001                  2404764
   1.0224000000E+001                  2509197
   1.0437000000E+001                  2537420
   1.0650000000E+001                  2464642
   1.0863000000E+001                  2331308
   1.1076000000E+001                  2183649
   1.1289000000E+001                  2051864
   1.1502000000E+001                  1959503
   1.1715000000E+001                  1912280
   1.1928000000E+001                  1898324
   1.2141000000E+001                  1904327
   1.2354000000E+001                  1919429
   1.2567000000E+001                  1924748
   1.2780000000E+001                  1896051
   1.2993000000E+001                  1816791
   1.3206000000E+001                  1713683
   1.3419000000E+001                  1597775
   1.3632000000E+001                  1476497
   1.3845000000E+001                  1366094
   1.4058000000E+001                  1274784
   1.4271000000E+001                  1203673
   1.4484000000E+001                  1148333
   1.4697000000E+001                  1092677
   1.4910000000E+001                  1041235
   1.5123000000E+001                   976420
   1.5336000000E+001                   902643
   1.5549000000E+001                   814662
   1.5762000000E+001                   725500
   1.5975000000E+001                   634777
   1.6188000000E+001                   558478
   1.6401000000E+001                   488609
   1.6614000000E+001                   424343
   1.6827000000E+001                   365479
   1.7040000000E+001                   315536
   1.7253000000E+001                   267078
   1.7466000000E+001                   222745
   1.7679000000E+001                   184562
   1.7892000000E+001                   149085
   1.8105000000E+001                   118072
   1.8318000000E+001                    91853
   1.8531000000E+001                    70081
   1.8744000000E+001                    51962
   1.8957000000E+001                    38319
   1.9170000000E+001                    27774
   1.9383000000E+001                    19641
   1.9596000000E+001                    13429
   1.9809000000E+001                     8583
   2.0022000000E+001                     5316
   2.0235000000E+001                     3388
   2.0448000000E+001                     1943
   2.0661000000E+001                      797
   2.0874000000E+001                      230
   2.1087000000E+001                       29
   2.1300000000E+001                        0
