   0.0000000000E+000                  1331533
   2.1300000000E-001                  2660785
   4.2600000000E-001                  2660616
   6.3900000000E-001                  2657997
   8.5200000000E-001                  2658179
   1.0650000000E+000                  2661444
   1.2780000000E+000                  2658435
   1.4910000000E+000                  2661482
   1.7040000000E+000                  2660295
   1.9170000000E+000                  2663096
   2.1300000000E+000                  2665738
   2.3430000000E+000                  2669107
   2.5560000000E+000                  2670096
   2.7690000000E+000                  2646248
   2.9820000000E+000                  2555417
   3.1950000000E+000                  2467398
   3.4080000000E+000                  2404831
   3.6210000000E+000                  2353763
   3.8340000000E+000                  2324137
   4.0470000000E+000                  2295135
   4.2600000000E+000                  2267903
   4.4730000000E+000                  2236692
   4.6860000000E+000                  2202120
   4.8990000000E+000                  2163343
   5.1120000000E+000                  2119388
   5.3250000000E+000                  2068500
   5.5380000000E+000                  2008679
   5.7510000000E+000                  1942407
   5.9640000000E+000                  1879997
   6.1770000000E+000                  1819984
   6.3900000000E+000                  1772840
   6.6030000000E+000                  1726576
   6.8160000000E+000                  1679151
   7.0290000000E+000                  1633044
   7.2420000000E+000                  1585146
   7.4550000000E+000                  1534087
   7.6680000000E+000                  1482202
   7.8810000000E+000                  1427560
   8.0940000000E+000                  1372213
   8.3070000000E+000                  1319198
   8.5200000000E+000                  1264205
   8.7330000000E+000                  1210436
   8.9460000000E+000                  1157053
   9.1590000000E+000                  1109132
   9.3720000000E+000                  1063616
   9.5850000000E+000                  1015565
   9.7980000000E+000                   970644
   1.0011000000E+001                   926622
   1.0224000000E+001                   880249
   1.0437000000E+001                   835880
   1.0650000000E+001                   790251
   1.0863000000E+001                   745084
   1.1076000000E+001                   704689
   1.1289000000E+001                   661552
   1.1502000000E+001                   624291
   1.1715000000E+001                   584723
   1.1928000000E+001                   550395
   1.2141000000E+001                   514819
   1.2354000000E+001                   480142
   1.2567000000E+001                   445978
   1.2780000000E+001                   414647
   1.2993000000E+001                   385308
   1.3206000000E+001                   355136
   1.3419000000E+001                   328714
   1.3632000000E+001                   300688
   1.3845000000E+001                   276366
   1.4058000000E+001                   251365
   1.4271000000E+001                   228354
   1.4484000000E+001                   206852
   1.4697000000E+001                   188329
   1.4910000000E+001                   169403
   1.5123000000E+001                   151351
   1.5336000000E+001                   135769
   1.5549000000E+001                   120030
   1.5762000000E+001                   106383
   1.5975000000E+001                    93770
   1.6188000000E+001                    81640
   1.6401000000E+001                    70963
   1.6614000000E+001                    60569
   1.6827000000E+001                    52337
   1.7040000000E+001                    44722
   1.7253000000E+001                    37945
   1.7466000000E+001                    31252
   1.7679000000E+001                    25932
   1.7892000000E+001                    21521
   1.8105000000E+001                    17050
   1.8318000000E+001                    13599
   1.8531000000E+001                    10784
   1.8744000000E+001                     8203
   1.8957000000E+001                     6109
   1.9170000000E+001                     4475
   1.9383000000E+001                     3118
   1.9596000000E+001                     2117
   1.9809000000E+001                     1403
   2.0022000000E+001                      864
   2.0235000000E+001                      506
   2.0448000000E+001                      221
   2.0661000000E+001                       91
   2.0874000000E+001                       19
   2.1087000000E+001                        7
   2.1300000000E+001                        0
