   0.0000000000E+000                  1502810
   2.1300000000E-001                  2999806
   4.2600000000E-001                  3009363
   6.3900000000E-001                  3013571
   8.5200000000E-001                  3019740
   1.0650000000E+000                  3009364
   1.2780000000E+000                  2993097
   1.4910000000E+000                  2992024
   1.7040000000E+000                  3006635
   1.9170000000E+000                  3024744
   2.1300000000E+000                  3018267
   2.3430000000E+000                  3007568
   2.5560000000E+000                  3001967
   2.7690000000E+000                  2980123
   2.9820000000E+000                  2797754
   3.1950000000E+000                  2618560
   3.4080000000E+000                  2550150
   3.6210000000E+000                  2525537
   3.8340000000E+000                  2521128
   4.0470000000E+000                  2494368
   4.2600000000E+000                  2461177
   4.4730000000E+000                  2426978
   4.6860000000E+000                  2408692
   4.8990000000E+000                  2354578
   5.1120000000E+000                  2250619
   5.3250000000E+000                  2139407
   5.5380000000E+000                  2056365
   5.7510000000E+000                  1964612
   5.9640000000E+000                  1861011
   6.1770000000E+000                  1797361
   6.3900000000E+000                  1767195
   6.6030000000E+000                  1737218
   6.8160000000E+000                  1692780
   7.0290000000E+000                  1636187
   7.2420000000E+000                  1583928
   7.4550000000E+000                  1515771
   7.6680000000E+000                  1420998
   7.8810000000E+000                  1320766
   8.0940000000E+000                  1234707
   8.3070000000E+000                  1169895
   8.5200000000E+000                  1108542
   8.7330000000E+000                  1051362
   8.9460000000E+000                  1008252
   9.1590000000E+000                   975051
   9.3720000000E+000                   936163
   9.5850000000E+000                   880968
   9.7980000000E+000                   824715
   1.0011000000E+001                   759330
   1.0224000000E+001                   690654
   1.0437000000E+001                   624636
   1.0650000000E+001                   563801
   1.0863000000E+001                   520100
   1.1076000000E+001                   491660
   1.1289000000E+001                   469094
   1.1502000000E+001                   440844
   1.1715000000E+001                   408693
   1.1928000000E+001                   370791
   1.2141000000E+001                   330415
   1.2354000000E+001                   289711
   1.2567000000E+001                   245878
   1.2780000000E+001                   213213
   1.2993000000E+001                   189343
   1.3206000000E+001                   168572
   1.3419000000E+001                   148109
   1.3632000000E+001                   132543
   1.3845000000E+001                   122794
   1.4058000000E+001                   110510
   1.4271000000E+001                    93184
   1.4484000000E+001                    71944
   1.4697000000E+001                    54245
   1.4910000000E+001                    40583
   1.5123000000E+001                    28372
   1.5336000000E+001                    18569
   1.5549000000E+001                    12380
   1.5762000000E+001                     9156
   1.5975000000E+001                     7253
   1.6188000000E+001                     4713
   1.6401000000E+001                     2518
   1.6614000000E+001                     1496
   1.6827000000E+001                      964
   1.7040000000E+001                      813
   1.7253000000E+001                      605
   1.7466000000E+001                      408
   1.7679000000E+001                      150
   1.7892000000E+001                       36
   1.8105000000E+001                       36
   1.8318000000E+001                        8
   1.8531000000E+001                        2
   1.8744000000E+001                        0
   1.8957000000E+001                        0
   1.9170000000E+001                        0
   1.9383000000E+001                        0
   1.9596000000E+001                        0
   1.9809000000E+001                        0
   2.0022000000E+001                        0
   2.0235000000E+001                        0
   2.0448000000E+001                        0
   2.0661000000E+001                        0
   2.0874000000E+001                        0
   2.1087000000E+001                        0
   2.1300000000E+001                        0
