   0.0000000000E+000                  1373131
   2.1300000000E-001                  2746842
   4.2600000000E-001                  2750020
   6.3900000000E-001                  2746117
   8.5200000000E-001                  2746301
   1.0650000000E+000                  2742875
   1.2780000000E+000                  2739598
   1.4910000000E+000                  2739809
   1.7040000000E+000                  2735075
   1.9170000000E+000                  2732972
   2.1300000000E+000                  2731424
   2.3430000000E+000                  2724453
   2.5560000000E+000                  2723436
   2.7690000000E+000                  2706526
   2.9820000000E+000                  2647000
   3.1950000000E+000                  2546942
   3.4080000000E+000                  2470727
   3.6210000000E+000                  2411730
   3.8340000000E+000                  2367357
   4.0470000000E+000                  2328927
   4.2600000000E+000                  2296488
   4.4730000000E+000                  2266210
   4.6860000000E+000                  2233470
   4.8990000000E+000                  2187202
   5.1120000000E+000                  2142632
   5.3250000000E+000                  2095538
   5.5380000000E+000                  2032076
   5.7510000000E+000                  1964598
   5.9640000000E+000                  1902196
   6.1770000000E+000                  1837887
   6.3900000000E+000                  1782160
   6.6030000000E+000                  1721942
   6.8160000000E+000                  1669270
   7.0290000000E+000                  1621279
   7.2420000000E+000                  1567392
   7.4550000000E+000                  1518661
   7.6680000000E+000                  1465538
   7.8810000000E+000                  1411866
   8.0940000000E+000                  1354804
   8.3070000000E+000                  1301325
   8.5200000000E+000                  1240382
   8.7330000000E+000                  1184613
   8.9460000000E+000                  1129080
   9.1590000000E+000                  1077935
   9.3720000000E+000                  1026068
   9.5850000000E+000                   974491
   9.7980000000E+000                   927465
   1.0011000000E+001                   881773
   1.0224000000E+001                   837541
   1.0437000000E+001                   791607
   1.0650000000E+001                   746895
   1.0863000000E+001                   703553
   1.1076000000E+001                   663105
   1.1289000000E+001                   619644
   1.1502000000E+001                   577394
   1.1715000000E+001                   538873
   1.1928000000E+001                   501797
   1.2141000000E+001                   466937
   1.2354000000E+001                   432859
   1.2567000000E+001                   401470
   1.2780000000E+001                   370907
   1.2993000000E+001                   342835
   1.3206000000E+001                   313210
   1.3419000000E+001                   287032
   1.3632000000E+001                   262543
   1.3845000000E+001                   237488
   1.4058000000E+001                   214829
   1.4271000000E+001                   191592
   1.4484000000E+001                   172762
   1.4697000000E+001                   154571
   1.4910000000E+001                   137765
   1.5123000000E+001                   121124
   1.5336000000E+001                   108048
   1.5549000000E+001                    94444
   1.5762000000E+001                    82575
   1.5975000000E+001                    71027
   1.6188000000E+001                    61853
   1.6401000000E+001                    52687
   1.6614000000E+001                    44447
   1.6827000000E+001                    37114
   1.7040000000E+001                    30638
   1.7253000000E+001                    24988
   1.7466000000E+001                    20490
   1.7679000000E+001                    16772
   1.7892000000E+001                    13250
   1.8105000000E+001                    10173
   1.8318000000E+001                     7632
   1.8531000000E+001                     5899
   1.8744000000E+001                     4410
   1.8957000000E+001                     3283
   1.9170000000E+001                     2287
   1.9383000000E+001                     1592
   1.9596000000E+001                     1114
   1.9809000000E+001                      652
   2.0022000000E+001                      370
   2.0235000000E+001                      202
   2.0448000000E+001                       69
   2.0661000000E+001                       36
   2.0874000000E+001                       10
   2.1087000000E+001                        2
   2.1300000000E+001                        0
