   0.0000000000E+000                  1532050
   2.1300000000E-001                  3043692
   4.2600000000E-001                  3053343
   6.3900000000E-001                  3079868
   8.5200000000E-001                  3105288
   1.0650000000E+000                  3057146
   1.2780000000E+000                  2998621
   1.4910000000E+000                  3017046
   1.7040000000E+000                  3054843
   1.9170000000E+000                  3095958
   2.1300000000E+000                  3104467
   2.3430000000E+000                  3057828
   2.5560000000E+000                  3043986
   2.7690000000E+000                  3052139
   2.9820000000E+000                  2805124
   3.1950000000E+000                  2590631
   3.4080000000E+000                  2560975
   3.6210000000E+000                  2563178
   3.8340000000E+000                  2565505
   4.0470000000E+000                  2544557
   4.2600000000E+000                  2469771
   4.4730000000E+000                  2444213
   4.6860000000E+000                  2466999
   4.8990000000E+000                  2411461
   5.1120000000E+000                  2240255
   5.3250000000E+000                  2109834
   5.5380000000E+000                  2065786
   5.7510000000E+000                  1948987
   5.9640000000E+000                  1836924
   6.1770000000E+000                  1790615
   6.3900000000E+000                  1795272
   6.6030000000E+000                  1758384
   6.8160000000E+000                  1684942
   7.0290000000E+000                  1616325
   7.2420000000E+000                  1580885
   7.4550000000E+000                  1519508
   7.6680000000E+000                  1389615
   7.8810000000E+000                  1287314
   8.0940000000E+000                  1185544
   8.3070000000E+000                  1134219
   8.5200000000E+000                  1088210
   8.7330000000E+000                  1032870
   8.9460000000E+000                   996050
   9.1590000000E+000                   966574
   9.3720000000E+000                   914277
   9.5850000000E+000                   858729
   9.7980000000E+000                   782685
   1.0011000000E+001                   712228
   1.0224000000E+001                   654647
   1.0437000000E+001                   591220
   1.0650000000E+001                   523856
   1.0863000000E+001                   485001
   1.1076000000E+001                   477490
   1.1289000000E+001                   463219
   1.1502000000E+001                   422671
   1.1715000000E+001                   373333
   1.1928000000E+001                   343996
   1.2141000000E+001                   304955
   1.2354000000E+001                   252530
   1.2567000000E+001                   205330
   1.2780000000E+001                   192927
   1.2993000000E+001                   171406
   1.3206000000E+001                   146840
   1.3419000000E+001                   130116
   1.3632000000E+001                   125188
   1.3845000000E+001                   120623
   1.4058000000E+001                    97616
   1.4271000000E+001                    62111
   1.4484000000E+001                    47095
   1.4697000000E+001                    38424
   1.4910000000E+001                    24252
   1.5123000000E+001                    13427
   1.5336000000E+001                     8719
   1.5549000000E+001                     7420
   1.5762000000E+001                     5073
   1.5975000000E+001                     2469
   1.6188000000E+001                     1337
   1.6401000000E+001                      868
   1.6614000000E+001                      437
   1.6827000000E+001                      285
   1.7040000000E+001                      199
   1.7253000000E+001                      176
   1.7466000000E+001                       23
   1.7679000000E+001                        0
   1.7892000000E+001                        0
   1.8105000000E+001                        0
   1.8318000000E+001                        0
   1.8531000000E+001                        0
   1.8744000000E+001                        0
   1.8957000000E+001                        0
   1.9170000000E+001                        0
   1.9383000000E+001                        0
   1.9596000000E+001                        0
   1.9809000000E+001                        0
   2.0022000000E+001                        0
   2.0235000000E+001                        0
   2.0448000000E+001                        0
   2.0661000000E+001                        0
   2.0874000000E+001                        0
   2.1087000000E+001                        0
   2.1300000000E+001                        0
