   0.0000000000E+000                  1514017
   2.1300000000E-001                  3033106
   4.2600000000E-001                  3035336
   6.3900000000E-001                  3042918
   8.5200000000E-001                  3051794
   1.0650000000E+000                  3034744
   1.2780000000E+000                  3018155
   1.4910000000E+000                  3006956
   1.7040000000E+000                  3030383
   1.9170000000E+000                  3055447
   2.1300000000E+000                  3056636
   2.3430000000E+000                  3034175
   2.5560000000E+000                  3027038
   2.7690000000E+000                  3019984
   2.9820000000E+000                  2805344
   3.1950000000E+000                  2604535
   3.4080000000E+000                  2550134
   3.6210000000E+000                  2550222
   3.8340000000E+000                  2539888
   4.0470000000E+000                  2522563
   4.2600000000E+000                  2470015
   4.4730000000E+000                  2434661
   4.6860000000E+000                  2432747
   4.8990000000E+000                  2375401
   5.1120000000E+000                  2257495
   5.3250000000E+000                  2128190
   5.5380000000E+000                  2051735
   5.7510000000E+000                  1954529
   5.9640000000E+000                  1851218
   6.1770000000E+000                  1797856
   6.3900000000E+000                  1776010
   6.6030000000E+000                  1748897
   6.8160000000E+000                  1693094
   7.0290000000E+000                  1632256
   7.2420000000E+000                  1580981
   7.4550000000E+000                  1511318
   7.6680000000E+000                  1404319
   7.8810000000E+000                  1299963
   8.0940000000E+000                  1217826
   8.3070000000E+000                  1154442
   8.5200000000E+000                  1095915
   8.7330000000E+000                  1041603
   8.9460000000E+000                   999663
   9.1590000000E+000                   971003
   9.3720000000E+000                   925641
   9.5850000000E+000                   867853
   9.7980000000E+000                   809840
   1.0011000000E+001                   734766
   1.0224000000E+001                   669935
   1.0437000000E+001                   602599
   1.0650000000E+001                   543724
   1.0863000000E+001                   504746
   1.1076000000E+001                   483187
   1.1289000000E+001                   465418
   1.1502000000E+001                   433595
   1.1715000000E+001                   390430
   1.1928000000E+001                   350449
   1.2141000000E+001                   314336
   1.2354000000E+001                   270865
   1.2567000000E+001                   228047
   1.2780000000E+001                   200778
   1.2993000000E+001                   180631
   1.3206000000E+001                   156911
   1.3419000000E+001                   137321
   1.3632000000E+001                   125906
   1.3845000000E+001                   118091
   1.4058000000E+001                   104199
   1.4271000000E+001                    80681
   1.4484000000E+001                    58792
   1.4697000000E+001                    44136
   1.4910000000E+001                    31792
   1.5123000000E+001                    20196
   1.5336000000E+001                    12573
   1.5549000000E+001                     9076
   1.5762000000E+001                     7400
   1.5975000000E+001                     5171
   1.6188000000E+001                     2587
   1.6401000000E+001                     1173
   1.6614000000E+001                      793
   1.6827000000E+001                      636
   1.7040000000E+001                      557
   1.7253000000E+001                      397
   1.7466000000E+001                      187
   1.7679000000E+001                       65
   1.7892000000E+001                        7
   1.8105000000E+001                        1
   1.8318000000E+001                        0
   1.8531000000E+001                        0
   1.8744000000E+001                        0
   1.8957000000E+001                        0
   1.9170000000E+001                        0
   1.9383000000E+001                        0
   1.9596000000E+001                        0
   1.9809000000E+001                        0
   2.0022000000E+001                        0
   2.0235000000E+001                        0
   2.0448000000E+001                        0
   2.0661000000E+001                        0
   2.0874000000E+001                        0
   2.1087000000E+001                        0
   2.1300000000E+001                        0
