   0.0000000000E+000                  1427960
   2.1300000000E-001                  2847169
   4.2600000000E-001                  2864730
   6.3900000000E-001                  2946288
   8.5200000000E-001                  3007290
   1.0650000000E+000                  2983223
   1.2780000000E+000                  2894609
   1.4910000000E+000                  2827190
   1.7040000000E+000                  2870005
   1.9170000000E+000                  2954840
   2.1300000000E+000                  2983325
   2.3430000000E+000                  2875322
   2.5560000000E+000                  2789675
   2.7690000000E+000                  2873773
   2.9820000000E+000                  2864264
   3.1950000000E+000                  2621901
   3.4080000000E+000                  2487412
   3.6210000000E+000                  2471354
   3.8340000000E+000                  2468868
   4.0470000000E+000                  2446052
   4.2600000000E+000                  2388707
   4.4730000000E+000                  2321927
   4.6860000000E+000                  2304772
   4.8990000000E+000                  2311371
   5.1120000000E+000                  2255774
   5.3250000000E+000                  2137786
   5.5380000000E+000                  2046833
   5.7510000000E+000                  2006486
   5.9640000000E+000                  1930798
   6.1770000000E+000                  1820489
   6.3900000000E+000                  1737855
   6.6030000000E+000                  1702012
   6.8160000000E+000                  1681968
   7.0290000000E+000                  1626029
   7.2420000000E+000                  1557245
   7.4550000000E+000                  1512060
   7.6680000000E+000                  1469870
   7.8810000000E+000                  1407859
   8.0940000000E+000                  1321840
   8.3070000000E+000                  1242266
   8.5200000000E+000                  1170444
   8.7330000000E+000                  1119647
   8.9460000000E+000                  1061664
   9.1590000000E+000                   992875
   9.3720000000E+000                   943931
   9.5850000000E+000                   914408
   9.7980000000E+000                   874410
   1.0011000000E+001                   820536
   1.0224000000E+001                   768398
   1.0437000000E+001                   719250
   1.0650000000E+001                   663926
   1.0863000000E+001                   601567
   1.1076000000E+001                   544896
   1.1289000000E+001                   506973
   1.1502000000E+001                   478343
   1.1715000000E+001                   455382
   1.1928000000E+001                   417241
   1.2141000000E+001                   370962
   1.2354000000E+001                   341267
   1.2567000000E+001                   314737
   1.2780000000E+001                   273976
   1.2993000000E+001                   238712
   1.3206000000E+001                   213433
   1.3419000000E+001                   194517
   1.3632000000E+001                   173433
   1.3845000000E+001                   148999
   1.4058000000E+001                   128160
   1.4271000000E+001                   113193
   1.4484000000E+001                   102483
   1.4697000000E+001                    87686
   1.4910000000E+001                    67394
   1.5123000000E+001                    50528
   1.5336000000E+001                    41842
   1.5549000000E+001                    33112
   1.5762000000E+001                    21160
   1.5975000000E+001                    14033
   1.6188000000E+001                    11283
   1.6401000000E+001                     9669
   1.6614000000E+001                     6879
   1.6827000000E+001                     3697
   1.7040000000E+001                     1842
   1.7253000000E+001                     1136
   1.7466000000E+001                      942
   1.7679000000E+001                      847
   1.7892000000E+001                      566
   1.8105000000E+001                      291
   1.8318000000E+001                      119
   1.8531000000E+001                       13
   1.8744000000E+001                        1
   1.8957000000E+001                        0
   1.9170000000E+001                        0
   1.9383000000E+001                        0
   1.9596000000E+001                        0
   1.9809000000E+001                        0
   2.0022000000E+001                        0
   2.0235000000E+001                        0
   2.0448000000E+001                        0
   2.0661000000E+001                        0
   2.0874000000E+001                        0
   2.1087000000E+001                        0
   2.1300000000E+001                        0
