   0.0000000000E+000                  1491107
   2.1300000000E-001                  2979339
   4.2600000000E-001                  2977348
   6.3900000000E-001                  2972649
   8.5200000000E-001                  2972709
   1.0650000000E+000                  2969543
   1.2780000000E+000                  2969417
   1.4910000000E+000                  2966989
   1.7040000000E+000                  2972368
   1.9170000000E+000                  2973413
   2.1300000000E+000                  2981203
   2.3430000000E+000                  2986801
   2.5560000000E+000                  2986707
   2.7690000000E+000                  2947162
   2.9820000000E+000                  2780176
   3.1950000000E+000                  2614760
   3.4080000000E+000                  2537502
   3.6210000000E+000                  2508560
   3.8340000000E+000                  2494700
   4.0470000000E+000                  2472880
   4.2600000000E+000                  2445021
   4.4730000000E+000                  2413919
   4.6860000000E+000                  2382605
   4.8990000000E+000                  2333248
   5.1120000000E+000                  2255947
   5.3250000000E+000                  2152307
   5.5380000000E+000                  2051550
   5.7510000000E+000                  1960610
   5.9640000000E+000                  1864728
   6.1770000000E+000                  1805686
   6.3900000000E+000                  1761770
   6.6030000000E+000                  1733217
   6.8160000000E+000                  1690469
   7.0290000000E+000                  1641545
   7.2420000000E+000                  1585095
   7.4550000000E+000                  1517053
   7.6680000000E+000                  1432364
   7.8810000000E+000                  1340204
   8.0940000000E+000                  1256517
   8.3070000000E+000                  1182597
   8.5200000000E+000                  1121792
   8.7330000000E+000                  1067292
   8.9460000000E+000                  1023559
   9.1590000000E+000                   984184
   9.3720000000E+000                   941883
   9.5850000000E+000                   892815
   9.7980000000E+000                   838083
   1.0011000000E+001                   779370
   1.0224000000E+001                   715210
   1.0437000000E+001                   649170
   1.0650000000E+001                   589603
   1.0863000000E+001                   541385
   1.1076000000E+001                   509761
   1.1289000000E+001                   481977
   1.1502000000E+001                   454608
   1.1715000000E+001                   421864
   1.1928000000E+001                   385238
   1.2141000000E+001                   345520
   1.2354000000E+001                   306839
   1.2567000000E+001                   270773
   1.2780000000E+001                   237410
   1.2993000000E+001                   208019
   1.3206000000E+001                   184163
   1.3419000000E+001                   161305
   1.3632000000E+001                   143578
   1.3845000000E+001                   129960
   1.4058000000E+001                   117869
   1.4271000000E+001                   102772
   1.4484000000E+001                    84867
   1.4697000000E+001                    67975
   1.4910000000E+001                    51997
   1.5123000000E+001                    39411
   1.5336000000E+001                    28280
   1.5549000000E+001                    19719
   1.5762000000E+001                    14494
   1.5975000000E+001                    10894
   1.6188000000E+001                     7921
   1.6401000000E+001                     5489
   1.6614000000E+001                     3590
   1.6827000000E+001                     2526
   1.7040000000E+001                     1671
   1.7253000000E+001                     1226
   1.7466000000E+001                      839
   1.7679000000E+001                      510
   1.7892000000E+001                      338
   1.8105000000E+001                      231
   1.8318000000E+001                      115
   1.8531000000E+001                       57
   1.8744000000E+001                       29
   1.8957000000E+001                       17
   1.9170000000E+001                       12
   1.9383000000E+001                        5
   1.9596000000E+001                        0
   1.9809000000E+001                        0
   2.0022000000E+001                        0
   2.0235000000E+001                        0
   2.0448000000E+001                        0
   2.0661000000E+001                        0
   2.0874000000E+001                        0
   2.1087000000E+001                        0
   2.1300000000E+001                        0
