   0.0000000000E+000                        0
   2.1300000000E-001                        0
   4.2600000000E-001                        0
   6.3900000000E-001                        0
   8.5200000000E-001                        0
   1.0650000000E+000                        0
   1.2780000000E+000                        0
   1.4910000000E+000                        0
   1.7040000000E+000                        0
   1.9170000000E+000                        0
   2.1300000000E+000                        0
   2.3430000000E+000                        0
   2.5560000000E+000                      375
   2.7690000000E+000                   669989
   2.9820000000E+000                  3811697
   3.1950000000E+000                  2070500
   3.4080000000E+000                   362177
   3.6210000000E+000                    42194
   3.8340000000E+000                    38096
   4.0470000000E+000                   451636
   4.2600000000E+000                  1145075
   4.4730000000E+000                   648881
   4.6860000000E+000                   344279
   4.8990000000E+000                  1458311
   5.1120000000E+000                  2987530
   5.3250000000E+000                  2780834
   5.5380000000E+000                  1795995
   5.7510000000E+000                  2908552
   5.9640000000E+000                  2610029
   6.1770000000E+000                  1244777
   6.3900000000E+000                   590853
   6.6030000000E+000                   941360
   6.8160000000E+000                  1669098
   7.0290000000E+000                  2023935
   7.2420000000E+000                  1785235
   7.4550000000E+000                  2825449
   7.6680000000E+000                  3764656
   7.8810000000E+000                  3275409
   8.0940000000E+000                  2991198
   8.3070000000E+000                  2381889
   8.5200000000E+000                  2350870
   8.7330000000E+000                  2269979
   8.9460000000E+000                  1598210
   9.1590000000E+000                  1428613
   9.3720000000E+000                  1974738
   9.5850000000E+000                  2150795
   9.7980000000E+000                  2794242
   1.0011000000E+001                  3382865
   1.0224000000E+001                  3460487
   1.0437000000E+001                  3257708
   1.0650000000E+001                  2701734
   1.0863000000E+001                  1764974
   1.1076000000E+001                  1040147
   1.1289000000E+001                  1050457
   1.1502000000E+001                  1807766
   1.1715000000E+001                  2328662
   1.1928000000E+001                  2238230
   1.2141000000E+001                  2168674
   1.2354000000E+001                  2400922
   1.2567000000E+001                  2239559
   1.2780000000E+001                  1617285
   1.2993000000E+001                  1401036
   1.3206000000E+001                  1514181
   1.3419000000E+001                  1265123
   1.3632000000E+001                   780622
   1.3845000000E+001                   537566
   1.4058000000E+001                   835178
   1.4271000000E+001                  1389624
   1.4484000000E+001                  1417224
   1.4697000000E+001                  1093401
   1.4910000000E+001                   921933
   1.5123000000E+001                   812377
   1.5336000000E+001                   588741
   1.5549000000E+001                   307947
   1.5762000000E+001                   145979
   1.5975000000E+001                   165686
   1.6188000000E+001                   196678
   1.6401000000E+001                   136969
   1.6614000000E+001                    68417
   1.6827000000E+001                    20671
   1.7040000000E+001                     4934
   1.7253000000E+001                    10408
   1.7466000000E+001                    19033
   1.7679000000E+001                    15549
   1.7892000000E+001                     9052
   1.8105000000E+001                     3756
   1.8318000000E+001                      889
   1.8531000000E+001                       95
   1.8744000000E+001                        5
   1.8957000000E+001                        0
   1.9170000000E+001                        0
   1.9383000000E+001                        0
   1.9596000000E+001                        0
   1.9809000000E+001                        0
   2.0022000000E+001                        0
   2.0235000000E+001                        0
   2.0448000000E+001                        0
   2.0661000000E+001                        0
   2.0874000000E+001                        0
   2.1087000000E+001                        0
   2.1300000000E+001                        0
