   0.0000000000E+000                  1348750
   2.1300000000E-001                  2700540
   4.2600000000E-001                  2700483
   6.3900000000E-001                  2698052
   8.5200000000E-001                  2700482
   1.0650000000E+000                  2698784
   1.2780000000E+000                  2700917
   1.4910000000E+000                  2700407
   1.7040000000E+000                  2704181
   1.9170000000E+000                  2706018
   2.1300000000E+000                  2711140
   2.3430000000E+000                  2708784
   2.5560000000E+000                  2711801
   2.7690000000E+000                  2679092
   2.9820000000E+000                  2585085
   3.1950000000E+000                  2489805
   3.4080000000E+000                  2422488
   3.6210000000E+000                  2379271
   3.8340000000E+000                  2345512
   4.0470000000E+000                  2319011
   4.2600000000E+000                  2291418
   4.4730000000E+000                  2264685
   4.6860000000E+000                  2230252
   4.8990000000E+000                  2187391
   5.1120000000E+000                  2137513
   5.3250000000E+000                  2078919
   5.5380000000E+000                  2013155
   5.7510000000E+000                  1949187
   5.9640000000E+000                  1880441
   6.1770000000E+000                  1823953
   6.3900000000E+000                  1772031
   6.6030000000E+000                  1727112
   6.8160000000E+000                  1678192
   7.0290000000E+000                  1632206
   7.2420000000E+000                  1581994
   7.4550000000E+000                  1528352
   7.6680000000E+000                  1475428
   7.8810000000E+000                  1419103
   8.0940000000E+000                  1359799
   8.3070000000E+000                  1299141
   8.5200000000E+000                  1244318
   8.7330000000E+000                  1192088
   8.9460000000E+000                  1143021
   9.1590000000E+000                  1091782
   9.3720000000E+000                  1042831
   9.5850000000E+000                   997487
   9.7980000000E+000                   953405
   1.0011000000E+001                   906579
   1.0224000000E+001                   858210
   1.0437000000E+001                   810662
   1.0650000000E+001                   765071
   1.0863000000E+001                   723202
   1.1076000000E+001                   678084
   1.1289000000E+001                   637855
   1.1502000000E+001                   600049
   1.1715000000E+001                   563186
   1.1928000000E+001                   526196
   1.2141000000E+001                   490158
   1.2354000000E+001                   457575
   1.2567000000E+001                   425659
   1.2780000000E+001                   392522
   1.2993000000E+001                   363958
   1.3206000000E+001                   334284
   1.3419000000E+001                   307330
   1.3632000000E+001                   280138
   1.3845000000E+001                   255415
   1.4058000000E+001                   232335
   1.4271000000E+001                   211624
   1.4484000000E+001                   190996
   1.4697000000E+001                   171254
   1.4910000000E+001                   154632
   1.5123000000E+001                   138670
   1.5336000000E+001                   122767
   1.5549000000E+001                   109045
   1.5762000000E+001                    95190
   1.5975000000E+001                    82507
   1.6188000000E+001                    71944
   1.6401000000E+001                    61749
   1.6614000000E+001                    53029
   1.6827000000E+001                    44812
   1.7040000000E+001                    38062
   1.7253000000E+001                    31860
   1.7466000000E+001                    26214
   1.7679000000E+001                    21864
   1.7892000000E+001                    17390
   1.8105000000E+001                    13815
   1.8318000000E+001                    10812
   1.8531000000E+001                     8228
   1.8744000000E+001                     6362
   1.8957000000E+001                     4581
   1.9170000000E+001                     3120
   1.9383000000E+001                     2135
   1.9596000000E+001                     1402
   1.9809000000E+001                      834
   2.0022000000E+001                      464
   2.0235000000E+001                      229
   2.0448000000E+001                       86
   2.0661000000E+001                       44
   2.0874000000E+001                        3
   2.1087000000E+001                        1
   2.1300000000E+001                        0
