   0.0000000000E+000                  1385708
   2.1300000000E-001                  2767597
   4.2600000000E-001                  2765900
   6.3900000000E-001                  2765582
   8.5200000000E-001                  2764598
   1.0650000000E+000                  2766230
   1.2780000000E+000                  2767887
   1.4910000000E+000                  2766925
   1.7040000000E+000                  2771662
   1.9170000000E+000                  2779648
   2.1300000000E+000                  2779753
   2.3430000000E+000                  2784096
   2.5560000000E+000                  2786572
   2.7690000000E+000                  2754230
   2.9820000000E+000                  2635073
   3.1950000000E+000                  2513704
   3.4080000000E+000                  2443856
   3.6210000000E+000                  2406262
   3.8340000000E+000                  2382629
   4.0470000000E+000                  2357868
   4.2600000000E+000                  2333241
   4.4730000000E+000                  2308293
   4.6860000000E+000                  2274873
   4.8990000000E+000                  2228713
   5.1120000000E+000                  2165027
   5.3250000000E+000                  2094877
   5.5380000000E+000                  2024937
   5.7510000000E+000                  1948581
   5.9640000000E+000                  1875388
   6.1770000000E+000                  1821675
   6.3900000000E+000                  1771469
   6.6030000000E+000                  1726400
   6.8160000000E+000                  1684708
   7.0290000000E+000                  1637606
   7.2420000000E+000                  1587929
   7.4550000000E+000                  1530816
   7.6680000000E+000                  1466417
   7.8810000000E+000                  1402363
   8.0940000000E+000                  1336248
   8.3070000000E+000                  1275203
   8.5200000000E+000                  1217228
   8.7330000000E+000                  1163499
   8.9460000000E+000                  1113121
   9.1590000000E+000                  1067366
   9.3720000000E+000                  1021499
   9.5850000000E+000                   972937
   9.7980000000E+000                   927296
   1.0011000000E+001                   875692
   1.0224000000E+001                   824566
   1.0437000000E+001                   775947
   1.0650000000E+001                   729065
   1.0863000000E+001                   683357
   1.1076000000E+001                   640097
   1.1289000000E+001                   598468
   1.1502000000E+001                   560565
   1.1715000000E+001                   523017
   1.1928000000E+001                   489139
   1.2141000000E+001                   455127
   1.2354000000E+001                   420218
   1.2567000000E+001                   387253
   1.2780000000E+001                   354651
   1.2993000000E+001                   324853
   1.3206000000E+001                   297031
   1.3419000000E+001                   269550
   1.3632000000E+001                   245712
   1.3845000000E+001                   221684
   1.4058000000E+001                   198201
   1.4271000000E+001                   178621
   1.4484000000E+001                   160586
   1.4697000000E+001                   144198
   1.4910000000E+001                   126751
   1.5123000000E+001                   110804
   1.5336000000E+001                    95775
   1.5549000000E+001                    83954
   1.5762000000E+001                    72467
   1.5975000000E+001                    61876
   1.6188000000E+001                    52784
   1.6401000000E+001                    44784
   1.6614000000E+001                    37519
   1.6827000000E+001                    30366
   1.7040000000E+001                    25385
   1.7253000000E+001                    20390
   1.7466000000E+001                    16470
   1.7679000000E+001                    12774
   1.7892000000E+001                    10017
   1.8105000000E+001                     7701
   1.8318000000E+001                     5808
   1.8531000000E+001                     4249
   1.8744000000E+001                     3005
   1.8957000000E+001                     2230
   1.9170000000E+001                     1453
   1.9383000000E+001                      966
   1.9596000000E+001                      606
   1.9809000000E+001                      377
   2.0022000000E+001                      231
   2.0235000000E+001                      109
   2.0448000000E+001                       41
   2.0661000000E+001                       18
   2.0874000000E+001                        2
   2.1087000000E+001                        0
   2.1300000000E+001                        0
