   0.0000000000E+000                  1520482
   2.1300000000E-001                  3051459
   4.2600000000E-001                  3063874
   6.3900000000E-001                  3056812
   8.5200000000E-001                  3068926
   1.0650000000E+000                  3059807
   1.2780000000E+000                  3017752
   1.4910000000E+000                  3010889
   1.7040000000E+000                  3054714
   1.9170000000E+000                  3080574
   2.1300000000E+000                  3076309
   2.3430000000E+000                  3067134
   2.5560000000E+000                  3044611
   2.7690000000E+000                  3035599
   2.9820000000E+000                  2812595
   3.1950000000E+000                  2582536
   3.4080000000E+000                  2552163
   3.6210000000E+000                  2562214
   3.8340000000E+000                  2560029
   4.0470000000E+000                  2535326
   4.2600000000E+000                  2467089
   4.4730000000E+000                  2449405
   4.6860000000E+000                  2462588
   4.8990000000E+000                  2394826
   5.1120000000E+000                  2248114
   5.3250000000E+000                  2108120
   5.5380000000E+000                  2058275
   5.7510000000E+000                  1954693
   5.9640000000E+000                  1836861
   6.1770000000E+000                  1786791
   6.3900000000E+000                  1787729
   6.6030000000E+000                  1755485
   6.8160000000E+000                  1698807
   7.0290000000E+000                  1627967
   7.2420000000E+000                  1586555
   7.4550000000E+000                  1515086
   7.6680000000E+000                  1387847
   7.8810000000E+000                  1283613
   8.0940000000E+000                  1197612
   8.3070000000E+000                  1142078
   8.5200000000E+000                  1094160
   8.7330000000E+000                  1030772
   8.9460000000E+000                   994326
   9.1590000000E+000                   973963
   9.3720000000E+000                   921224
   9.5850000000E+000                   865995
   9.7980000000E+000                   794541
   1.0011000000E+001                   721690
   1.0224000000E+001                   653231
   1.0437000000E+001                   587352
   1.0650000000E+001                   526963
   1.0863000000E+001                   494115
   1.1076000000E+001                   480501
   1.1289000000E+001                   466096
   1.1502000000E+001                   425988
   1.1715000000E+001                   377281
   1.1928000000E+001                   346000
   1.2141000000E+001                   307351
   1.2354000000E+001                   253655
   1.2567000000E+001                   212451
   1.2780000000E+001                   194899
   1.2993000000E+001                   173967
   1.3206000000E+001                   147764
   1.3419000000E+001                   129439
   1.3632000000E+001                   122989
   1.3845000000E+001                   119457
   1.4058000000E+001                   100256
   1.4271000000E+001                    68553
   1.4484000000E+001                    49048
   1.4697000000E+001                    40086
   1.4910000000E+001                    26290
   1.5123000000E+001                    14542
   1.5336000000E+001                     9403
   1.5549000000E+001                     8158
   1.5762000000E+001                     6518
   1.5975000000E+001                     3565
   1.6188000000E+001                     1273
   1.6401000000E+001                      919
   1.6614000000E+001                      645
   1.6827000000E+001                      502
   1.7040000000E+001                      373
   1.7253000000E+001                      316
   1.7466000000E+001                       36
   1.7679000000E+001                        1
   1.7892000000E+001                        0
   1.8105000000E+001                        0
   1.8318000000E+001                        0
   1.8531000000E+001                        0
   1.8744000000E+001                        0
   1.8957000000E+001                        0
   1.9170000000E+001                        0
   1.9383000000E+001                        0
   1.9596000000E+001                        0
   1.9809000000E+001                        0
   2.0022000000E+001                        0
   2.0235000000E+001                        0
   2.0448000000E+001                        0
   2.0661000000E+001                        0
   2.0874000000E+001                        0
   2.1087000000E+001                        0
   2.1300000000E+001                        0
