   0.0000000000E+000                  1520614
   2.1300000000E-001                  3030557
   4.2600000000E-001                  3034909
   6.3900000000E-001                  3056424
   8.5200000000E-001                  3088130
   1.0650000000E+000                  3071191
   1.2780000000E+000                  3020416
   1.4910000000E+000                  3013336
   1.7040000000E+000                  3053752
   1.9170000000E+000                  3080232
   2.1300000000E+000                  3061512
   2.3430000000E+000                  3018364
   2.5560000000E+000                  3024018
   2.7690000000E+000                  3041754
   2.9820000000E+000                  2817658
   3.1950000000E+000                  2599463
   3.4080000000E+000                  2562869
   3.6210000000E+000                  2562775
   3.8340000000E+000                  2562765
   4.0470000000E+000                  2531003
   4.2600000000E+000                  2468959
   4.4730000000E+000                  2430763
   4.6860000000E+000                  2439036
   4.8990000000E+000                  2373594
   5.1120000000E+000                  2241124
   5.3250000000E+000                  2122720
   5.5380000000E+000                  2071082
   5.7510000000E+000                  1963835
   5.9640000000E+000                  1850979
   6.1770000000E+000                  1795674
   6.3900000000E+000                  1779451
   6.6030000000E+000                  1751686
   6.8160000000E+000                  1692878
   7.0290000000E+000                  1616630
   7.2420000000E+000                  1574296
   7.4550000000E+000                  1508312
   7.6680000000E+000                  1394098
   7.8810000000E+000                  1296345
   8.0940000000E+000                  1216218
   8.3070000000E+000                  1158272
   8.5200000000E+000                  1099622
   8.7330000000E+000                  1032283
   8.9460000000E+000                   994425
   9.1590000000E+000                   963871
   9.3720000000E+000                   918475
   9.5850000000E+000                   864686
   9.7980000000E+000                   801384
   1.0011000000E+001                   726065
   1.0224000000E+001                   659943
   1.0437000000E+001                   591167
   1.0650000000E+001                   533878
   1.0863000000E+001                   501406
   1.1076000000E+001                   486069
   1.1289000000E+001                   466618
   1.1502000000E+001                   426690
   1.1715000000E+001                   374418
   1.1928000000E+001                   341683
   1.2141000000E+001                   303628
   1.2354000000E+001                   260137
   1.2567000000E+001                   219385
   1.2780000000E+001                   199204
   1.2993000000E+001                   179456
   1.3206000000E+001                   151776
   1.3419000000E+001                   130202
   1.3632000000E+001                   121851
   1.3845000000E+001                   115384
   1.4058000000E+001                   101393
   1.4271000000E+001                    72561
   1.4484000000E+001                    51112
   1.4697000000E+001                    41118
   1.4910000000E+001                    29081
   1.5123000000E+001                    16435
   1.5336000000E+001                    10408
   1.5549000000E+001                     9061
   1.5762000000E+001                     7677
   1.5975000000E+001                     4623
   1.6188000000E+001                     1712
   1.6401000000E+001                      898
   1.6614000000E+001                      697
   1.6827000000E+001                      634
   1.7040000000E+001                      626
   1.7253000000E+001                      472
   1.7466000000E+001                       88
   1.7679000000E+001                        4
   1.7892000000E+001                        0
   1.8105000000E+001                        0
   1.8318000000E+001                        0
   1.8531000000E+001                        0
   1.8744000000E+001                        0
   1.8957000000E+001                        0
   1.9170000000E+001                        0
   1.9383000000E+001                        0
   1.9596000000E+001                        0
   1.9809000000E+001                        0
   2.0022000000E+001                        0
   2.0235000000E+001                        0
   2.0448000000E+001                        0
   2.0661000000E+001                        0
   2.0874000000E+001                        0
   2.1087000000E+001                        0
   2.1300000000E+001                        0
