   0.0000000000E+000                        0
   2.1300000000E-001                        0
   4.2600000000E-001                        0
   6.3900000000E-001                        0
   8.5200000000E-001                        0
   1.0650000000E+000                        0
   1.2780000000E+000                        0
   1.4910000000E+000                        0
   1.7040000000E+000                        0
   1.9170000000E+000                        0
   2.1300000000E+000                        0
   2.3430000000E+000                        0
   2.5560000000E+000                    24231
   2.7690000000E+000                   783451
   2.9820000000E+000                  1821183
   3.1950000000E+000                  1472766
   3.4080000000E+000                   941592
   3.6210000000E+000                   656852
   3.8340000000E+000                   529406
   4.0470000000E+000                   495221
   4.2600000000E+000                   525915
   4.4730000000E+000                   631893
   4.6860000000E+000                   852898
   4.8990000000E+000                  1184080
   5.1120000000E+000                  1523817
   5.3250000000E+000                  1742725
   5.5380000000E+000                  1881665
   5.7510000000E+000                  1977798
   5.9640000000E+000                  1929003
   6.1770000000E+000                  1734684
   6.3900000000E+000                  1548859
   6.6030000000E+000                  1438719
   6.8160000000E+000                  1438437
   7.0290000000E+000                  1549790
   7.2420000000E+000                  1767515
   7.4550000000E+000                  2040720
   7.6680000000E+000                  2279322
   7.8810000000E+000                  2414082
   8.0940000000E+000                  2434795
   8.3070000000E+000                  2383483
   8.5200000000E+000                  2303747
   8.7330000000E+000                  2220717
   8.9460000000E+000                  2129713
   9.1590000000E+000                  2076821
   9.3720000000E+000                  2061105
   9.5850000000E+000                  2109172
   9.7980000000E+000                  2194624
   1.0011000000E+001                  2302932
   1.0224000000E+001                  2383560
   1.0437000000E+001                  2422054
   1.0650000000E+001                  2394619
   1.0863000000E+001                  2317008
   1.1076000000E+001                  2220899
   1.1289000000E+001                  2120058
   1.1502000000E+001                  2039468
   1.1715000000E+001                  1977638
   1.1928000000E+001                  1948383
   1.2141000000E+001                  1927549
   1.2354000000E+001                  1917049
   1.2567000000E+001                  1887844
   1.2780000000E+001                  1853999
   1.2993000000E+001                  1799510
   1.3206000000E+001                  1718296
   1.3419000000E+001                  1632601
   1.3632000000E+001                  1544554
   1.3845000000E+001                  1447325
   1.4058000000E+001                  1358604
   1.4271000000E+001                  1271823
   1.4484000000E+001                  1195290
   1.4697000000E+001                  1131118
   1.4910000000E+001                  1072708
   1.5123000000E+001                  1008826
   1.5336000000E+001                   934842
   1.5549000000E+001                   852739
   1.5762000000E+001                   774327
   1.5975000000E+001                   696560
   1.6188000000E+001                   619668
   1.6401000000E+001                   548030
   1.6614000000E+001                   479777
   1.6827000000E+001                   418612
   1.7040000000E+001                   362690
   1.7253000000E+001                   314396
   1.7466000000E+001                   266741
   1.7679000000E+001                   227363
   1.7892000000E+001                   188878
   1.8105000000E+001                   152863
   1.8318000000E+001                   121115
   1.8531000000E+001                    95737
   1.8744000000E+001                    74966
   1.8957000000E+001                    56991
   1.9170000000E+001                    41905
   1.9383000000E+001                    30558
   1.9596000000E+001                    21702
   1.9809000000E+001                    14875
   2.0022000000E+001                     9672
   2.0235000000E+001                     5587
   2.0448000000E+001                     2924
   2.0661000000E+001                     1377
   2.0874000000E+001                      478
   2.1087000000E+001                      109
   2.1300000000E+001                        2
