   0.0000000000E+000                  1523417
   2.1300000000E-001                  3058278
   4.2600000000E-001                  3059486
   6.3900000000E-001                  3060003
   8.5200000000E-001                  3079355
   1.0650000000E+000                  3062377
   1.2780000000E+000                  3028703
   1.4910000000E+000                  3025814
   1.7040000000E+000                  3057499
   1.9170000000E+000                  3085217
   2.1300000000E+000                  3076574
   2.3430000000E+000                  3055752
   2.5560000000E+000                  3041478
   2.7690000000E+000                  3052293
   2.9820000000E+000                  2810259
   3.1950000000E+000                  2599543
   3.4080000000E+000                  2556501
   3.6210000000E+000                  2554962
   3.8340000000E+000                  2570211
   4.0470000000E+000                  2539431
   4.2600000000E+000                  2473064
   4.4730000000E+000                  2448331
   4.6860000000E+000                  2447222
   4.8990000000E+000                  2388135
   5.1120000000E+000                  2248300
   5.3250000000E+000                  2118980
   5.5380000000E+000                  2065978
   5.7510000000E+000                  1953265
   5.9640000000E+000                  1841563
   6.1770000000E+000                  1791099
   6.3900000000E+000                  1777807
   6.6030000000E+000                  1755534
   6.8160000000E+000                  1696823
   7.0290000000E+000                  1628667
   7.2420000000E+000                  1579777
   7.4550000000E+000                  1504419
   7.6680000000E+000                  1383832
   7.8810000000E+000                  1290862
   8.0940000000E+000                  1203828
   8.3070000000E+000                  1143738
   8.5200000000E+000                  1087020
   8.7330000000E+000                  1031769
   8.9460000000E+000                   994251
   9.1590000000E+000                   962990
   9.3720000000E+000                   917083
   9.5850000000E+000                   868046
   9.7980000000E+000                   794131
   1.0011000000E+001                   717344
   1.0224000000E+001                   648470
   1.0437000000E+001                   579371
   1.0650000000E+001                   524201
   1.0863000000E+001                   495042
   1.1076000000E+001                   483990
   1.1289000000E+001                   465187
   1.1502000000E+001                   422256
   1.1715000000E+001                   373185
   1.1928000000E+001                   339082
   1.2141000000E+001                   300985
   1.2354000000E+001                   250123
   1.2567000000E+001                   211847
   1.2780000000E+001                   195381
   1.2993000000E+001                   172244
   1.3206000000E+001                   145022
   1.3419000000E+001                   130162
   1.3632000000E+001                   123093
   1.3845000000E+001                   115654
   1.4058000000E+001                    97770
   1.4271000000E+001                    66839
   1.4484000000E+001                    48105
   1.4697000000E+001                    39209
   1.4910000000E+001                    25126
   1.5123000000E+001                    13760
   1.5336000000E+001                     9439
   1.5549000000E+001                     8323
   1.5762000000E+001                     6839
   1.5975000000E+001                     3948
   1.6188000000E+001                     1401
   1.6401000000E+001                      822
   1.6614000000E+001                      654
   1.6827000000E+001                      593
   1.7040000000E+001                      480
   1.7253000000E+001                      294
   1.7466000000E+001                       77
   1.7679000000E+001                       14
   1.7892000000E+001                        1
   1.8105000000E+001                        0
   1.8318000000E+001                        0
   1.8531000000E+001                        0
   1.8744000000E+001                        0
   1.8957000000E+001                        0
   1.9170000000E+001                        0
   1.9383000000E+001                        0
   1.9596000000E+001                        0
   1.9809000000E+001                        0
   2.0022000000E+001                        0
   2.0235000000E+001                        0
   2.0448000000E+001                        0
   2.0661000000E+001                        0
   2.0874000000E+001                        0
   2.1087000000E+001                        0
   2.1300000000E+001                        0
