   0.0000000000E+000                  1330159
   2.1300000000E-001                  2658527
   4.2600000000E-001                  2664331
   6.3900000000E-001                  2662779
   8.5200000000E-001                  2660251
   1.0650000000E+000                  2662833
   1.2780000000E+000                  2660509
   1.4910000000E+000                  2657223
   1.7040000000E+000                  2654873
   1.9170000000E+000                  2649012
   2.1300000000E+000                  2643347
   2.3430000000E+000                  2645108
   2.5560000000E+000                  2639192
   2.7690000000E+000                  2625207
   2.9820000000E+000                  2574036
   3.1950000000E+000                  2492792
   3.4080000000E+000                  2422992
   3.6210000000E+000                  2368930
   3.8340000000E+000                  2324124
   4.0470000000E+000                  2287911
   4.2600000000E+000                  2258192
   4.4730000000E+000                  2222615
   4.6860000000E+000                  2184827
   4.8990000000E+000                  2146457
   5.1120000000E+000                  2108674
   5.3250000000E+000                  2059453
   5.5380000000E+000                  2006385
   5.7510000000E+000                  1953238
   5.9640000000E+000                  1895278
   6.1770000000E+000                  1835914
   6.3900000000E+000                  1780386
   6.6030000000E+000                  1726976
   6.8160000000E+000                  1677641
   7.0290000000E+000                  1629264
   7.2420000000E+000                  1577966
   7.4550000000E+000                  1526562
   7.6680000000E+000                  1479346
   7.8810000000E+000                  1427862
   8.0940000000E+000                  1378428
   8.3070000000E+000                  1324824
   8.5200000000E+000                  1271952
   8.7330000000E+000                  1217056
   8.9460000000E+000                  1166435
   9.1590000000E+000                  1115474
   9.3720000000E+000                  1067531
   9.5850000000E+000                  1019332
   9.7980000000E+000                   973326
   1.0011000000E+001                   929336
   1.0224000000E+001                   882505
   1.0437000000E+001                   839904
   1.0650000000E+001                   797388
   1.0863000000E+001                   753548
   1.1076000000E+001                   710434
   1.1289000000E+001                   670505
   1.1502000000E+001                   627251
   1.1715000000E+001                   589790
   1.1928000000E+001                   550730
   1.2141000000E+001                   514922
   1.2354000000E+001                   482025
   1.2567000000E+001                   449522
   1.2780000000E+001                   416559
   1.2993000000E+001                   386942
   1.3206000000E+001                   358232
   1.3419000000E+001                   329504
   1.3632000000E+001                   302178
   1.3845000000E+001                   276916
   1.4058000000E+001                   253317
   1.4271000000E+001                   229471
   1.4484000000E+001                   208259
   1.4697000000E+001                   187894
   1.4910000000E+001                   167372
   1.5123000000E+001                   150937
   1.5336000000E+001                   133475
   1.5549000000E+001                   119298
   1.5762000000E+001                   105109
   1.5975000000E+001                    92408
   1.6188000000E+001                    80248
   1.6401000000E+001                    69885
   1.6614000000E+001                    59298
   1.6827000000E+001                    51165
   1.7040000000E+001                    42884
   1.7253000000E+001                    36171
   1.7466000000E+001                    30233
   1.7679000000E+001                    24818
   1.7892000000E+001                    20585
   1.8105000000E+001                    16238
   1.8318000000E+001                    13028
   1.8531000000E+001                     9906
   1.8744000000E+001                     7561
   1.8957000000E+001                     5561
   1.9170000000E+001                     3989
   1.9383000000E+001                     2705
   1.9596000000E+001                     1821
   1.9809000000E+001                     1278
   2.0022000000E+001                      684
   2.0235000000E+001                      391
   2.0448000000E+001                      174
   2.0661000000E+001                       85
   2.0874000000E+001                       24
   2.1087000000E+001                        7
   2.1300000000E+001                        0
