   0.0000000000E+000                  1435960
   2.1300000000E-001                  2848426
   4.2600000000E-001                  2849346
   6.3900000000E-001                  2963745
   8.5200000000E-001                  3092228
   1.0650000000E+000                  3055235
   1.2780000000E+000                  2881778
   1.4910000000E+000                  2768035
   1.7040000000E+000                  2874997
   1.9170000000E+000                  3035657
   2.1300000000E+000                  3043615
   2.3430000000E+000                  2858234
   2.5560000000E+000                  2714461
   2.7690000000E+000                  2901219
   2.9820000000E+000                  2952021
   3.1950000000E+000                  2616610
   3.4080000000E+000                  2475866
   3.6210000000E+000                  2476425
   3.8340000000E+000                  2516023
   4.0470000000E+000                  2483136
   4.2600000000E+000                  2366280
   4.4730000000E+000                  2290307
   4.6860000000E+000                  2310102
   4.8990000000E+000                  2343049
   5.1120000000E+000                  2253299
   5.3250000000E+000                  2113832
   5.5380000000E+000                  2039126
   5.7510000000E+000                  2052074
   5.9640000000E+000                  1969989
   6.1770000000E+000                  1811803
   6.3900000000E+000                  1712688
   6.6030000000E+000                  1692807
   6.8160000000E+000                  1686626
   7.0290000000E+000                  1620502
   7.2420000000E+000                  1534751
   7.4550000000E+000                  1486368
   7.6680000000E+000                  1468164
   7.8810000000E+000                  1424449
   8.0940000000E+000                  1328841
   8.3070000000E+000                  1228375
   8.5200000000E+000                  1178909
   8.7330000000E+000                  1131220
   8.9460000000E+000                  1053047
   9.1590000000E+000                   961405
   9.3720000000E+000                   919348
   9.5850000000E+000                   907806
   9.7980000000E+000                   872285
   1.0011000000E+001                   810051
   1.0224000000E+001                   753835
   1.0437000000E+001                   710894
   1.0650000000E+001                   665919
   1.0863000000E+001                   597574
   1.1076000000E+001                   532579
   1.1289000000E+001                   494300
   1.1502000000E+001                   472718
   1.1715000000E+001                   450590
   1.1928000000E+001                   394060
   1.2141000000E+001                   349018
   1.2354000000E+001                   335842
   1.2567000000E+001                   306752
   1.2780000000E+001                   264177
   1.2993000000E+001                   228898
   1.3206000000E+001                   206553
   1.3419000000E+001                   191976
   1.3632000000E+001                   169046
   1.3845000000E+001                   139662
   1.4058000000E+001                   119947
   1.4271000000E+001                   106042
   1.4484000000E+001                    99627
   1.4697000000E+001                    81953
   1.4910000000E+001                    53315
   1.5123000000E+001                    43088
   1.5336000000E+001                    41746
   1.5549000000E+001                    27936
   1.5762000000E+001                    15579
   1.5975000000E+001                    13168
   1.6188000000E+001                    11461
   1.6401000000E+001                     8799
   1.6614000000E+001                     5237
   1.6827000000E+001                     2554
   1.7040000000E+001                     1475
   1.7253000000E+001                     1067
   1.7466000000E+001                      904
   1.7679000000E+001                      664
   1.7892000000E+001                      382
   1.8105000000E+001                      127
   1.8318000000E+001                       16
   1.8531000000E+001                        0
   1.8744000000E+001                        0
   1.8957000000E+001                        0
   1.9170000000E+001                        0
   1.9383000000E+001                        0
   1.9596000000E+001                        0
   1.9809000000E+001                        0
   2.0022000000E+001                        0
   2.0235000000E+001                        0
   2.0448000000E+001                        0
   2.0661000000E+001                        0
   2.0874000000E+001                        0
   2.1087000000E+001                        0
   2.1300000000E+001                        0
