   0.0000000000E+000                        0
   2.1300000000E-001                        0
   4.2600000000E-001                        0
   6.3900000000E-001                        0
   8.5200000000E-001                        0
   1.0650000000E+000                        0
   1.2780000000E+000                        0
   1.4910000000E+000                        0
   1.7040000000E+000                        0
   1.9170000000E+000                        0
   2.1300000000E+000                        0
   2.3430000000E+000                        0
   2.5560000000E+000                      188
   2.7690000000E+000                   619166
   2.9820000000E+000                  4092909
   3.1950000000E+000                  1974897
   3.4080000000E+000                   254184
   3.6210000000E+000                    18017
   3.8340000000E+000                    22724
   4.0470000000E+000                   463204
   4.2600000000E+000                  1256630
   4.4730000000E+000                   587797
   4.6860000000E+000                   293633
   4.8990000000E+000                  1522460
   5.1120000000E+000                  3152395
   5.3250000000E+000                  2794933
   5.5380000000E+000                  1660659
   5.7510000000E+000                  3061345
   5.9640000000E+000                  2588843
   6.1770000000E+000                  1115062
   6.3900000000E+000                   517697
   6.6030000000E+000                   993917
   6.8160000000E+000                  1749213
   7.0290000000E+000                  2062701
   7.2420000000E+000                  1736241
   7.4550000000E+000                  2955237
   7.6680000000E+000                  3867223
   7.8810000000E+000                  3217287
   8.0940000000E+000                  3020657
   8.3070000000E+000                  2291259
   8.5200000000E+000                  2370750
   8.7330000000E+000                  2243872
   8.9460000000E+000                  1523018
   9.1590000000E+000                  1420926
   9.3720000000E+000                  2057933
   9.5850000000E+000                  2124207
   9.7980000000E+000                  2961836
   1.0011000000E+001                  3437450
   1.0224000000E+001                  3484935
   1.0437000000E+001                  3219494
   1.0650000000E+001                  2653074
   1.0863000000E+001                  1607658
   1.1076000000E+001                   943599
   1.1289000000E+001                  1077295
   1.1502000000E+001                  1948917
   1.1715000000E+001                  2400768
   1.1928000000E+001                  2202168
   1.2141000000E+001                  2150523
   1.2354000000E+001                  2488030
   1.2567000000E+001                  2194454
   1.2780000000E+001                  1499515
   1.2993000000E+001                  1403553
   1.3206000000E+001                  1533885
   1.3419000000E+001                  1206583
   1.3632000000E+001                   684021
   1.3845000000E+001                   506997
   1.4058000000E+001                   927537
   1.4271000000E+001                  1515273
   1.4484000000E+001                  1367971
   1.4697000000E+001                  1036676
   1.4910000000E+001                   905408
   1.5123000000E+001                   786347
   1.5336000000E+001                   539445
   1.5549000000E+001                   248865
   1.5762000000E+001                   120641
   1.5975000000E+001                   180036
   1.6188000000E+001                   194298
   1.6401000000E+001                   125325
   1.6614000000E+001                    54515
   1.6827000000E+001                    10866
   1.7040000000E+001                     2810
   1.7253000000E+001                    13130
   1.7466000000E+001                    19646
   1.7679000000E+001                    14661
   1.7892000000E+001                     7950
   1.8105000000E+001                     2377
   1.8318000000E+001                      280
   1.8531000000E+001                        4
   1.8744000000E+001                        0
   1.8957000000E+001                        0
   1.9170000000E+001                        0
   1.9383000000E+001                        0
   1.9596000000E+001                        0
   1.9809000000E+001                        0
   2.0022000000E+001                        0
   2.0235000000E+001                        0
   2.0448000000E+001                        0
   2.0661000000E+001                        0
   2.0874000000E+001                        0
   2.1087000000E+001                        0
   2.1300000000E+001                        0
