   0.0000000000E+000                  1525337
   2.1300000000E-001                  3051130
   4.2600000000E-001                  3061770
   6.3900000000E-001                  3050375
   8.5200000000E-001                  3063620
   1.0650000000E+000                  3048733
   1.2780000000E+000                  3026475
   1.4910000000E+000                  3019191
   1.7040000000E+000                  3038826
   1.9170000000E+000                  3075105
   2.1300000000E+000                  3078397
   2.3430000000E+000                  3059517
   2.5560000000E+000                  3052266
   2.7690000000E+000                  3040502
   2.9820000000E+000                  2802613
   3.1950000000E+000                  2594442
   3.4080000000E+000                  2555999
   3.6210000000E+000                  2545829
   3.8340000000E+000                  2558412
   4.0470000000E+000                  2529438
   4.2600000000E+000                  2476437
   4.4730000000E+000                  2450054
   4.6860000000E+000                  2451037
   4.8990000000E+000                  2395422
   5.1120000000E+000                  2251535
   5.3250000000E+000                  2123993
   5.5380000000E+000                  2055259
   5.7510000000E+000                  1943312
   5.9640000000E+000                  1843869
   6.1770000000E+000                  1792811
   6.3900000000E+000                  1776441
   6.6030000000E+000                  1751583
   6.8160000000E+000                  1699475
   7.0290000000E+000                  1630813
   7.2420000000E+000                  1588542
   7.4550000000E+000                  1511057
   7.6680000000E+000                  1388692
   7.8810000000E+000                  1286000
   8.0940000000E+000                  1200474
   8.3070000000E+000                  1147542
   8.5200000000E+000                  1094416
   8.7330000000E+000                  1031638
   8.9460000000E+000                   992230
   9.1590000000E+000                   963579
   9.3720000000E+000                   924669
   9.5850000000E+000                   871669
   9.7980000000E+000                   793669
   1.0011000000E+001                   720534
   1.0224000000E+001                   656107
   1.0437000000E+001                   589291
   1.0650000000E+001                   526851
   1.0863000000E+001                   498291
   1.1076000000E+001                   483879
   1.1289000000E+001                   464173
   1.1502000000E+001                   423794
   1.1715000000E+001                   376908
   1.1928000000E+001                   343195
   1.2141000000E+001                   311040
   1.2354000000E+001                   259212
   1.2567000000E+001                   212719
   1.2780000000E+001                   195432
   1.2993000000E+001                   176107
   1.3206000000E+001                   150349
   1.3419000000E+001                   131871
   1.3632000000E+001                   123063
   1.3845000000E+001                   114908
   1.4058000000E+001                   100307
   1.4271000000E+001                    71320
   1.4484000000E+001                    50046
   1.4697000000E+001                    40373
   1.4910000000E+001                    27950
   1.5123000000E+001                    15895
   1.5336000000E+001                     9347
   1.5549000000E+001                     7960
   1.5762000000E+001                     6692
   1.5975000000E+001                     3791
   1.6188000000E+001                     1511
   1.6401000000E+001                     1044
   1.6614000000E+001                      662
   1.6827000000E+001                      471
   1.7040000000E+001                      348
   1.7253000000E+001                      293
   1.7466000000E+001                       63
   1.7679000000E+001                        8
   1.7892000000E+001                        0
   1.8105000000E+001                        0
   1.8318000000E+001                        0
   1.8531000000E+001                        0
   1.8744000000E+001                        0
   1.8957000000E+001                        0
   1.9170000000E+001                        0
   1.9383000000E+001                        0
   1.9596000000E+001                        0
   1.9809000000E+001                        0
   2.0022000000E+001                        0
   2.0235000000E+001                        0
   2.0448000000E+001                        0
   2.0661000000E+001                        0
   2.0874000000E+001                        0
   2.1087000000E+001                        0
   2.1300000000E+001                        0
