   0.0000000000E+000                  1509659
   2.1300000000E-001                  3015155
   4.2600000000E-001                  3004402
   6.3900000000E-001                  3004476
   8.5200000000E-001                  3009145
   1.0650000000E+000                  3008264
   1.2780000000E+000                  2993955
   1.4910000000E+000                  2996283
   1.7040000000E+000                  3007879
   1.9170000000E+000                  3020004
   2.1300000000E+000                  3018242
   2.3430000000E+000                  3008923
   2.5560000000E+000                  3015007
   2.7690000000E+000                  2987297
   2.9820000000E+000                  2803550
   3.1950000000E+000                  2608372
   3.4080000000E+000                  2535082
   3.6210000000E+000                  2525267
   3.8340000000E+000                  2515910
   4.0470000000E+000                  2501877
   4.2600000000E+000                  2463429
   4.4730000000E+000                  2431289
   4.6860000000E+000                  2413045
   4.8990000000E+000                  2357511
   5.1120000000E+000                  2249604
   5.3250000000E+000                  2140192
   5.5380000000E+000                  2056195
   5.7510000000E+000                  1959580
   5.9640000000E+000                  1858192
   6.1770000000E+000                  1794409
   6.3900000000E+000                  1764753
   6.6030000000E+000                  1737165
   6.8160000000E+000                  1699685
   7.0290000000E+000                  1645192
   7.2420000000E+000                  1584763
   7.4550000000E+000                  1512803
   7.6680000000E+000                  1414427
   7.8810000000E+000                  1318401
   8.0940000000E+000                  1235980
   8.3070000000E+000                  1168007
   8.5200000000E+000                  1110389
   8.7330000000E+000                  1050985
   8.9460000000E+000                  1003781
   9.1590000000E+000                   972490
   9.3720000000E+000                   933922
   9.5850000000E+000                   886741
   9.7980000000E+000                   829105
   1.0011000000E+001                   758890
   1.0224000000E+001                   686693
   1.0437000000E+001                   620589
   1.0650000000E+001                   560348
   1.0863000000E+001                   519297
   1.1076000000E+001                   493552
   1.1289000000E+001                   472152
   1.1502000000E+001                   444732
   1.1715000000E+001                   404719
   1.1928000000E+001                   368582
   1.2141000000E+001                   328608
   1.2354000000E+001                   288056
   1.2567000000E+001                   249172
   1.2780000000E+001                   214501
   1.2993000000E+001                   190501
   1.3206000000E+001                   168166
   1.3419000000E+001                   147236
   1.3632000000E+001                   133036
   1.3845000000E+001                   121392
   1.4058000000E+001                   111083
   1.4271000000E+001                    92188
   1.4484000000E+001                    71990
   1.4697000000E+001                    54948
   1.4910000000E+001                    40490
   1.5123000000E+001                    28386
   1.5336000000E+001                    18465
   1.5549000000E+001                    12453
   1.5762000000E+001                     9711
   1.5975000000E+001                     6944
   1.6188000000E+001                     4783
   1.6401000000E+001                     2627
   1.6614000000E+001                     1609
   1.6827000000E+001                     1019
   1.7040000000E+001                      792
   1.7253000000E+001                      674
   1.7466000000E+001                      442
   1.7679000000E+001                      199
   1.7892000000E+001                      101
   1.8105000000E+001                       68
   1.8318000000E+001                       17
   1.8531000000E+001                        5
   1.8744000000E+001                        0
   1.8957000000E+001                        0
   1.9170000000E+001                        0
   1.9383000000E+001                        0
   1.9596000000E+001                        0
   1.9809000000E+001                        0
   2.0022000000E+001                        0
   2.0235000000E+001                        0
   2.0448000000E+001                        0
   2.0661000000E+001                        0
   2.0874000000E+001                        0
   2.1087000000E+001                        0
   2.1300000000E+001                        0
