   0.0000000000E+000                        0
   2.1300000000E-001                        0
   4.2600000000E-001                        0
   6.3900000000E-001                        0
   8.5200000000E-001                        0
   1.0650000000E+000                        0
   1.2780000000E+000                        0
   1.4910000000E+000                        0
   1.7040000000E+000                        0
   1.9170000000E+000                        0
   2.1300000000E+000                        0
   2.3430000000E+000                        0
   2.5560000000E+000                       54
   2.7690000000E+000                   555520
   2.9820000000E+000                  4364612
   3.1950000000E+000                  1870326
   3.4080000000E+000                   163006
   3.6210000000E+000                     6349
   3.8340000000E+000                    11247
   4.0470000000E+000                   453126
   4.2600000000E+000                  1384142
   4.4730000000E+000                   515760
   4.6860000000E+000                   242363
   4.8990000000E+000                  1572917
   5.1120000000E+000                  3304796
   5.3250000000E+000                  2820646
   5.5380000000E+000                  1481759
   5.7510000000E+000                  3241172
   5.9640000000E+000                  2556933
   6.1770000000E+000                  1019922
   6.3900000000E+000                   444868
   6.6030000000E+000                  1033717
   6.8160000000E+000                  1817071
   7.0290000000E+000                  2102999
   7.2420000000E+000                  1676849
   7.4550000000E+000                  3062952
   7.6680000000E+000                  3963483
   7.8810000000E+000                  3148318
   8.0940000000E+000                  3077214
   8.3070000000E+000                  2190931
   8.5200000000E+000                  2375302
   8.7330000000E+000                  2248649
   8.9460000000E+000                  1463286
   9.1590000000E+000                  1396226
   9.3720000000E+000                  2134396
   9.5850000000E+000                  2083435
   9.7980000000E+000                  3109714
   1.0011000000E+001                  3503568
   1.0224000000E+001                  3486202
   1.0437000000E+001                  3184290
   1.0650000000E+001                  2620743
   1.0863000000E+001                  1484863
   1.1076000000E+001                   853555
   1.1289000000E+001                  1091172
   1.1502000000E+001                  2078255
   1.1715000000E+001                  2463191
   1.1928000000E+001                  2184720
   1.2141000000E+001                  2110683
   1.2354000000E+001                  2582910
   1.2567000000E+001                  2160035
   1.2780000000E+001                  1393068
   1.2993000000E+001                  1399405
   1.3206000000E+001                  1562048
   1.3419000000E+001                  1164493
   1.3632000000E+001                   593714
   1.3845000000E+001                   469159
   1.4058000000E+001                  1008581
   1.4271000000E+001                  1637972
   1.4484000000E+001                  1343595
   1.4697000000E+001                   973685
   1.4910000000E+001                   882068
   1.5123000000E+001                   783506
   1.5336000000E+001                   491595
   1.5549000000E+001                   199634
   1.5762000000E+001                    98501
   1.5975000000E+001                   203258
   1.6188000000E+001                   191848
   1.6401000000E+001                   109838
   1.6614000000E+001                    40109
   1.6827000000E+001                     5498
   1.7040000000E+001                     2566
   1.7253000000E+001                    16587
   1.7466000000E+001                    20217
   1.7679000000E+001                    12633
   1.7892000000E+001                     6555
   1.8105000000E+001                     1532
   1.8318000000E+001                       88
   1.8531000000E+001                        0
   1.8744000000E+001                        0
   1.8957000000E+001                        0
   1.9170000000E+001                        0
   1.9383000000E+001                        0
   1.9596000000E+001                        0
   1.9809000000E+001                        0
   2.0022000000E+001                        0
   2.0235000000E+001                        0
   2.0448000000E+001                        0
   2.0661000000E+001                        0
   2.0874000000E+001                        0
   2.1087000000E+001                        0
   2.1300000000E+001                        0
