   0.0000000000E+000                        0
   2.1300000000E-001                        0
   4.2600000000E-001                        0
   6.3900000000E-001                        0
   8.5200000000E-001                        0
   1.0650000000E+000                        0
   1.2780000000E+000                        0
   1.4910000000E+000                        0
   1.7040000000E+000                        0
   1.9170000000E+000                        0
   2.1300000000E+000                        0
   2.3430000000E+000                       11
   2.5560000000E+000                    41090
   2.7690000000E+000                   698465
   2.9820000000E+000                  1406435
   3.1950000000E+000                  1235675
   3.4080000000E+000                   909697
   3.6210000000E+000                   698778
   3.8340000000E+000                   596742
   4.0470000000E+000                   564230
   4.2600000000E+000                   580503
   4.4730000000E+000                   657168
   4.6860000000E+000                   799559
   4.8990000000E+000                  1006931
   5.1120000000E+000                  1244284
   5.3250000000E+000                  1467208
   5.5380000000E+000                  1646981
   5.7510000000E+000                  1752361
   5.9640000000E+000                  1747757
   6.1770000000E+000                  1664729
   6.3900000000E+000                  1560267
   6.6030000000E+000                  1500194
   6.8160000000E+000                  1493538
   7.0290000000E+000                  1551553
   7.2420000000E+000                  1670648
   7.4550000000E+000                  1816657
   7.6680000000E+000                  1976322
   7.8810000000E+000                  2108502
   8.0940000000E+000                  2185310
   8.3070000000E+000                  2212744
   8.5200000000E+000                  2206790
   8.7330000000E+000                  2167494
   8.9460000000E+000                  2128085
   9.1590000000E+000                  2082868
   9.3720000000E+000                  2060661
   9.5850000000E+000                  2067812
   9.7980000000E+000                  2111824
   1.0011000000E+001                  2168175
   1.0224000000E+001                  2214671
   1.0437000000E+001                  2246922
   1.0650000000E+001                  2249639
   1.0863000000E+001                  2233020
   1.1076000000E+001                  2199038
   1.1289000000E+001                  2143950
   1.1502000000E+001                  2087415
   1.1715000000E+001                  2037126
   1.1928000000E+001                  1990253
   1.2141000000E+001                  1940854
   1.2354000000E+001                  1912218
   1.2567000000E+001                  1882958
   1.2780000000E+001                  1858830
   1.2993000000E+001                  1819029
   1.3206000000E+001                  1770696
   1.3419000000E+001                  1707565
   1.3632000000E+001                  1638768
   1.3845000000E+001                  1561098
   1.4058000000E+001                  1484124
   1.4271000000E+001                  1410956
   1.4484000000E+001                  1342506
   1.4697000000E+001                  1277448
   1.4910000000E+001                  1206192
   1.5123000000E+001                  1141856
   1.5336000000E+001                  1073732
   1.5549000000E+001                  1007285
   1.5762000000E+001                   940777
   1.5975000000E+001                   866324
   1.6188000000E+001                   797571
   1.6401000000E+001                   728958
   1.6614000000E+001                   658398
   1.6827000000E+001                   593844
   1.7040000000E+001                   536486
   1.7253000000E+001                   479271
   1.7466000000E+001                   426377
   1.7679000000E+001                   374718
   1.7892000000E+001                   323743
   1.8105000000E+001                   276624
   1.8318000000E+001                   234797
   1.8531000000E+001                   195340
   1.8744000000E+001                   161927
   1.8957000000E+001                   131849
   1.9170000000E+001                   105299
   1.9383000000E+001                    80786
   1.9596000000E+001                    60446
   1.9809000000E+001                    43315
   2.0022000000E+001                    30007
   2.0235000000E+001                    18934
   2.0448000000E+001                    10792
   2.0661000000E+001                     5140
   2.0874000000E+001                     1754
   2.1087000000E+001                      312
   2.1300000000E+001                       14
