   0.0000000000E+000                  1415551
   2.1300000000E-001                  2827105
   4.2600000000E-001                  2863780
   6.3900000000E-001                  2969665
   8.5200000000E-001                  3056899
   1.0650000000E+000                  3028456
   1.2780000000E+000                  2893379
   1.4910000000E+000                  2819932
   1.7040000000E+000                  2893965
   1.9170000000E+000                  3000300
   2.1300000000E+000                  2981211
   2.3430000000E+000                  2858382
   2.5560000000E+000                  2743912
   2.7690000000E+000                  2866616
   2.9820000000E+000                  2914668
   3.1950000000E+000                  2615392
   3.4080000000E+000                  2482535
   3.6210000000E+000                  2490603
   3.8340000000E+000                  2504055
   4.0470000000E+000                  2457843
   4.2600000000E+000                  2371637
   4.4730000000E+000                  2303505
   4.6860000000E+000                  2310605
   4.8990000000E+000                  2314962
   5.1120000000E+000                  2234255
   5.3250000000E+000                  2117396
   5.5380000000E+000                  2040146
   5.7510000000E+000                  2030590
   5.9640000000E+000                  1955928
   6.1770000000E+000                  1811666
   6.3900000000E+000                  1726483
   6.6030000000E+000                  1710024
   6.8160000000E+000                  1682975
   7.0290000000E+000                  1622579
   7.2420000000E+000                  1547589
   7.4550000000E+000                  1497023
   7.6680000000E+000                  1473946
   7.8810000000E+000                  1410463
   8.0940000000E+000                  1323731
   8.3070000000E+000                  1238057
   8.5200000000E+000                  1182284
   8.7330000000E+000                  1131680
   8.9460000000E+000                  1058331
   9.1590000000E+000                   981586
   9.3720000000E+000                   941713
   9.5850000000E+000                   919681
   9.7980000000E+000                   876303
   1.0011000000E+001                   817997
   1.0224000000E+001                   763353
   1.0437000000E+001                   717932
   1.0650000000E+001                   664178
   1.0863000000E+001                   597104
   1.1076000000E+001                   537220
   1.1289000000E+001                   502561
   1.1502000000E+001                   482196
   1.1715000000E+001                   451416
   1.1928000000E+001                   404382
   1.2141000000E+001                   358334
   1.2354000000E+001                   338058
   1.2567000000E+001                   308447
   1.2780000000E+001                   265213
   1.2993000000E+001                   230514
   1.3206000000E+001                   209023
   1.3419000000E+001                   195276
   1.3632000000E+001                   169893
   1.3845000000E+001                   140154
   1.4058000000E+001                   117305
   1.4271000000E+001                   108235
   1.4484000000E+001                    98347
   1.4697000000E+001                    81103
   1.4910000000E+001                    58155
   1.5123000000E+001                    45649
   1.5336000000E+001                    41832
   1.5549000000E+001                    31811
   1.5762000000E+001                    18996
   1.5975000000E+001                    13743
   1.6188000000E+001                    12741
   1.6401000000E+001                    11583
   1.6614000000E+001                     7378
   1.6827000000E+001                     3538
   1.7040000000E+001                     1800
   1.7253000000E+001                     1544
   1.7466000000E+001                     1292
   1.7679000000E+001                     1127
   1.7892000000E+001                      744
   1.8105000000E+001                      339
   1.8318000000E+001                       89
   1.8531000000E+001                       11
   1.8744000000E+001                        0
   1.8957000000E+001                        0
   1.9170000000E+001                        0
   1.9383000000E+001                        0
   1.9596000000E+001                        0
   1.9809000000E+001                        0
   2.0022000000E+001                        0
   2.0235000000E+001                        0
   2.0448000000E+001                        0
   2.0661000000E+001                        0
   2.0874000000E+001                        0
   2.1087000000E+001                        0
   2.1300000000E+001                        0
