   0.0000000000E+000                  1493920
   2.1300000000E-001                  2988376
   4.2600000000E-001                  2999235
   6.3900000000E-001                  3001655
   8.5200000000E-001                  2999517
   1.0650000000E+000                  2995248
   1.2780000000E+000                  2984770
   1.4910000000E+000                  2982369
   1.7040000000E+000                  2986310
   1.9170000000E+000                  3001857
   2.1300000000E+000                  3007501
   2.3430000000E+000                  2992238
   2.5560000000E+000                  2997008
   2.7690000000E+000                  2968406
   2.9820000000E+000                  2790084
   3.1950000000E+000                  2619767
   3.4080000000E+000                  2543943
   3.6210000000E+000                  2518222
   3.8340000000E+000                  2506353
   4.0470000000E+000                  2486809
   4.2600000000E+000                  2452912
   4.4730000000E+000                  2420960
   4.6860000000E+000                  2394060
   4.8990000000E+000                  2350534
   5.1120000000E+000                  2249543
   5.3250000000E+000                  2145601
   5.5380000000E+000                  2054076
   5.7510000000E+000                  1959816
   5.9640000000E+000                  1869812
   6.1770000000E+000                  1801482
   6.3900000000E+000                  1763027
   6.6030000000E+000                  1733045
   6.8160000000E+000                  1694281
   7.0290000000E+000                  1637117
   7.2420000000E+000                  1582372
   7.4550000000E+000                  1519105
   7.6680000000E+000                  1427803
   7.8810000000E+000                  1328234
   8.0940000000E+000                  1242978
   8.3070000000E+000                  1179823
   8.5200000000E+000                  1117021
   8.7330000000E+000                  1058062
   8.9460000000E+000                  1013930
   9.1590000000E+000                   976835
   9.3720000000E+000                   936145
   9.5850000000E+000                   888704
   9.7980000000E+000                   833335
   1.0011000000E+001                   768339
   1.0224000000E+001                   701588
   1.0437000000E+001                   635185
   1.0650000000E+001                   575396
   1.0863000000E+001                   529418
   1.1076000000E+001                   498910
   1.1289000000E+001                   476043
   1.1502000000E+001                   446704
   1.1715000000E+001                   413116
   1.1928000000E+001                   374832
   1.2141000000E+001                   336215
   1.2354000000E+001                   296894
   1.2567000000E+001                   256375
   1.2780000000E+001                   224402
   1.2993000000E+001                   197679
   1.3206000000E+001                   174689
   1.3419000000E+001                   153514
   1.3632000000E+001                   136042
   1.3845000000E+001                   124001
   1.4058000000E+001                   111784
   1.4271000000E+001                    96718
   1.4484000000E+001                    77579
   1.4697000000E+001                    59949
   1.4910000000E+001                    45183
   1.5123000000E+001                    31827
   1.5336000000E+001                    22260
   1.5549000000E+001                    15432
   1.5762000000E+001                    11106
   1.5975000000E+001                     8551
   1.6188000000E+001                     6241
   1.6401000000E+001                     3631
   1.6614000000E+001                     2028
   1.6827000000E+001                     1332
   1.7040000000E+001                      942
   1.7253000000E+001                      774
   1.7466000000E+001                      562
   1.7679000000E+001                      313
   1.7892000000E+001                      130
   1.8105000000E+001                       77
   1.8318000000E+001                       32
   1.8531000000E+001                        4
   1.8744000000E+001                        2
   1.8957000000E+001                        0
   1.9170000000E+001                        0
   1.9383000000E+001                        0
   1.9596000000E+001                        0
   1.9809000000E+001                        0
   2.0022000000E+001                        0
   2.0235000000E+001                        0
   2.0448000000E+001                        0
   2.0661000000E+001                        0
   2.0874000000E+001                        0
   2.1087000000E+001                        0
   2.1300000000E+001                        0
