   0.0000000000E+000                        0
   2.1300000000E-001                        0
   4.2600000000E-001                        0
   6.3900000000E-001                        0
   8.5200000000E-001                        0
   1.0650000000E+000                        0
   1.2780000000E+000                        0
   1.4910000000E+000                        0
   1.7040000000E+000                        0
   1.9170000000E+000                        0
   2.1300000000E+000                        0
   2.3430000000E+000                        0
   2.5560000000E+000                     2790
   2.7690000000E+000                   782641
   2.9820000000E+000                  3184079
   3.1950000000E+000                  2121392
   3.4080000000E+000                   662427
   3.6210000000E+000                   169189
   3.8340000000E+000                   111088
   4.0470000000E+000                   422659
   4.2600000000E+000                   876767
   4.4730000000E+000                   714287
   4.6860000000E+000                   527632
   4.8990000000E+000                  1348705
   5.1120000000E+000                  2544007
   5.3250000000E+000                  2616262
   5.5380000000E+000                  2117934
   5.7510000000E+000                  2650510
   5.9640000000E+000                  2542477
   6.1770000000E+000                  1535581
   6.3900000000E+000                   848537
   6.6030000000E+000                   918280
   6.8160000000E+000                  1459127
   7.0290000000E+000                  1870953
   7.2420000000E+000                  1882010
   7.4550000000E+000                  2574810
   7.6680000000E+000                  3420866
   7.8810000000E+000                  3314263
   8.0940000000E+000                  2966888
   8.3070000000E+000                  2539434
   8.5200000000E+000                  2390996
   8.7330000000E+000                  2288086
   8.9460000000E+000                  1797505
   9.1590000000E+000                  1526206
   9.3720000000E+000                  1813383
   9.5850000000E+000                  2135600
   9.7980000000E+000                  2542361
   1.0011000000E+001                  3057327
   1.0224000000E+001                  3319252
   1.0437000000E+001                  3290198
   1.0650000000E+001                  2844159
   1.0863000000E+001                  2104529
   1.1076000000E+001                  1396119
   1.1289000000E+001                  1159562
   1.1502000000E+001                  1528319
   1.1715000000E+001                  2030133
   1.1928000000E+001                  2206957
   1.2141000000E+001                  2213747
   1.2354000000E+001                  2273812
   1.2567000000E+001                  2209233
   1.2780000000E+001                  1856326
   1.2993000000E+001                  1544315
   1.3206000000E+001                  1472392
   1.3419000000E+001                  1345326
   1.3632000000E+001                  1021381
   1.3845000000E+001                   734468
   1.4058000000E+001                   758891
   1.4271000000E+001                  1070672
   1.4484000000E+001                  1289342
   1.4697000000E+001                  1205661
   1.4910000000E+001                  1031620
   1.5123000000E+001                   877425
   1.5336000000E+001                   696258
   1.5549000000E+001                   476723
   1.5762000000E+001                   276309
   1.5975000000E+001                   190203
   1.6188000000E+001                   179905
   1.6401000000E+001                   161296
   1.6614000000E+001                   113147
   1.6827000000E+001                    60324
   1.7040000000E+001                    25451
   1.7253000000E+001                    12748
   1.7466000000E+001                    13848
   1.7679000000E+001                    15582
   1.7892000000E+001                    13298
   1.8105000000E+001                     8325
   1.8318000000E+001                     3889
   1.8531000000E+001                     1408
   1.8744000000E+001                      348
   1.8957000000E+001                       39
   1.9170000000E+001                        1
   1.9383000000E+001                        0
   1.9596000000E+001                        0
   1.9809000000E+001                        0
   2.0022000000E+001                        0
   2.0235000000E+001                        0
   2.0448000000E+001                        0
   2.0661000000E+001                        0
   2.0874000000E+001                        0
   2.1087000000E+001                        0
   2.1300000000E+001                        0
