   0.0000000000E+000                        0
   2.1300000000E-001                        0
   4.2600000000E-001                        0
   6.3900000000E-001                        0
   8.5200000000E-001                        0
   1.0650000000E+000                        0
   1.2780000000E+000                        0
   1.4910000000E+000                        0
   1.7040000000E+000                        0
   1.9170000000E+000                        0
   2.1300000000E+000                        0
   2.3430000000E+000                        0
   2.5560000000E+000                       59
   2.7690000000E+000                   591364
   2.9820000000E+000                  4229182
   3.1950000000E+000                  1924687
   3.4080000000E+000                   203522
   3.6210000000E+000                    10924
   3.8340000000E+000                    15953
   4.0470000000E+000                   463847
   4.2600000000E+000                  1316882
   4.4730000000E+000                   554155
   4.6860000000E+000                   265920
   4.8990000000E+000                  1555316
   5.1120000000E+000                  3229033
   5.3250000000E+000                  2807211
   5.5380000000E+000                  1579038
   5.7510000000E+000                  3146861
   5.9640000000E+000                  2571705
   6.1770000000E+000                  1061553
   6.3900000000E+000                   481992
   6.6030000000E+000                  1015576
   6.8160000000E+000                  1785833
   7.0290000000E+000                  2088053
   7.2420000000E+000                  1701857
   7.4550000000E+000                  3020557
   7.6680000000E+000                  3924182
   7.8810000000E+000                  3174932
   8.0940000000E+000                  3038611
   8.3070000000E+000                  2243980
   8.5200000000E+000                  2385723
   8.7330000000E+000                  2230261
   8.9460000000E+000                  1491430
   9.1590000000E+000                  1411691
   9.3720000000E+000                  2103025
   9.5850000000E+000                  2110421
   9.7980000000E+000                  3024932
   1.0011000000E+001                  3486594
   1.0224000000E+001                  3482927
   1.0437000000E+001                  3197549
   1.0650000000E+001                  2629055
   1.0863000000E+001                  1545946
   1.1076000000E+001                   888288
   1.1289000000E+001                  1093028
   1.1502000000E+001                  2011102
   1.1715000000E+001                  2442792
   1.1928000000E+001                  2196064
   1.2141000000E+001                  2135074
   1.2354000000E+001                  2525700
   1.2567000000E+001                  2171517
   1.2780000000E+001                  1447424
   1.2993000000E+001                  1401339
   1.3206000000E+001                  1545885
   1.3419000000E+001                  1184215
   1.3632000000E+001                   635638
   1.3845000000E+001                   485922
   1.4058000000E+001                   968038
   1.4271000000E+001                  1579590
   1.4484000000E+001                  1364342
   1.4697000000E+001                  1000751
   1.4910000000E+001                   891704
   1.5123000000E+001                   776682
   1.5336000000E+001                   513548
   1.5549000000E+001                   223222
   1.5762000000E+001                   109626
   1.5975000000E+001                   193258
   1.6188000000E+001                   190178
   1.6401000000E+001                   115746
   1.6614000000E+001                    48538
   1.6827000000E+001                     7912
   1.7040000000E+001                     2947
   1.7253000000E+001                    15157
   1.7466000000E+001                    19701
   1.7679000000E+001                    13115
   1.7892000000E+001                     7096
   1.8105000000E+001                     2304
   1.8318000000E+001                      198
   1.8531000000E+001                       20
   1.8744000000E+001                        0
   1.8957000000E+001                        0
   1.9170000000E+001                        0
   1.9383000000E+001                        0
   1.9596000000E+001                        0
   1.9809000000E+001                        0
   2.0022000000E+001                        0
   2.0235000000E+001                        0
   2.0448000000E+001                        0
   2.0661000000E+001                        0
   2.0874000000E+001                        0
   2.1087000000E+001                        0
   2.1300000000E+001                        0
