   0.0000000000E+000                  1420224
   2.1300000000E-001                  2837811
   4.2600000000E-001                  2838503
   6.3900000000E-001                  2841617
   8.5200000000E-001                  2842733
   1.0650000000E+000                  2837178
   1.2780000000E+000                  2833001
   1.4910000000E+000                  2828965
   1.7040000000E+000                  2830899
   1.9170000000E+000                  2820568
   2.1300000000E+000                  2817618
   2.3430000000E+000                  2810028
   2.5560000000E+000                  2803418
   2.7690000000E+000                  2798101
   2.9820000000E+000                  2727502
   3.1950000000E+000                  2607295
   3.4080000000E+000                  2516308
   3.6210000000E+000                  2456811
   3.8340000000E+000                  2416568
   4.0470000000E+000                  2380618
   4.2600000000E+000                  2348295
   4.4730000000E+000                  2312283
   4.6860000000E+000                  2278153
   4.8990000000E+000                  2235764
   5.1120000000E+000                  2184099
   5.3250000000E+000                  2115512
   5.5380000000E+000                  2054745
   5.7510000000E+000                  1979417
   5.9640000000E+000                  1910624
   6.1770000000E+000                  1839179
   6.3900000000E+000                  1774890
   6.6030000000E+000                  1717791
   6.8160000000E+000                  1662244
   7.0290000000E+000                  1614599
   7.2420000000E+000                  1561681
   7.4550000000E+000                  1510266
   7.6680000000E+000                  1453706
   7.8810000000E+000                  1394003
   8.0940000000E+000                  1327144
   8.3070000000E+000                  1267354
   8.5200000000E+000                  1205825
   8.7330000000E+000                  1145753
   8.9460000000E+000                  1089276
   9.1590000000E+000                  1036002
   9.3720000000E+000                   982974
   9.5850000000E+000                   933458
   9.7980000000E+000                   886541
   1.0011000000E+001                   838246
   1.0224000000E+001                   792261
   1.0437000000E+001                   745695
   1.0650000000E+001                   696898
   1.0863000000E+001                   649454
   1.1076000000E+001                   606532
   1.1289000000E+001                   565000
   1.1502000000E+001                   524371
   1.1715000000E+001                   484084
   1.1928000000E+001                   449379
   1.2141000000E+001                   416311
   1.2354000000E+001                   382283
   1.2567000000E+001                   350830
   1.2780000000E+001                   320074
   1.2993000000E+001                   292204
   1.3206000000E+001                   265486
   1.3419000000E+001                   238558
   1.3632000000E+001                   214872
   1.3845000000E+001                   192216
   1.4058000000E+001                   170358
   1.4271000000E+001                   152044
   1.4484000000E+001                   134929
   1.4697000000E+001                   117782
   1.4910000000E+001                   102311
   1.5123000000E+001                    89016
   1.5336000000E+001                    77347
   1.5549000000E+001                    65224
   1.5762000000E+001                    54894
   1.5975000000E+001                    46394
   1.6188000000E+001                    38828
   1.6401000000E+001                    31683
   1.6614000000E+001                    25851
   1.6827000000E+001                    21002
   1.7040000000E+001                    17140
   1.7253000000E+001                    13363
   1.7466000000E+001                    10439
   1.7679000000E+001                     8192
   1.7892000000E+001                     5956
   1.8105000000E+001                     4508
   1.8318000000E+001                     3381
   1.8531000000E+001                     2381
   1.8744000000E+001                     1633
   1.8957000000E+001                     1112
   1.9170000000E+001                      797
   1.9383000000E+001                      557
   1.9596000000E+001                      359
   1.9809000000E+001                      214
   2.0022000000E+001                      124
   2.0235000000E+001                       60
   2.0448000000E+001                       17
   2.0661000000E+001                        6
   2.0874000000E+001                        0
   2.1087000000E+001                        0
   2.1300000000E+001                        0
