   0.0000000000E+000                  1467455
   2.1300000000E-001                  2834024
   4.2600000000E-001                  2827829
   6.3900000000E-001                  2950150
   8.5200000000E-001                  3200141
   1.0650000000E+000                  3176266
   1.2780000000E+000                  2822215
   1.4910000000E+000                  2688295
   1.7040000000E+000                  2905152
   1.9170000000E+000                  3186552
   2.1300000000E+000                  3032335
   2.3430000000E+000                  2846163
   2.5560000000E+000                  2675848
   2.7690000000E+000                  2919272
   2.9820000000E+000                  3079657
   3.1950000000E+000                  2548137
   3.4080000000E+000                  2421416
   3.6210000000E+000                  2490779
   3.8340000000E+000                  2617414
   4.0470000000E+000                  2497472
   4.2600000000E+000                  2307311
   4.4730000000E+000                  2232502
   4.6860000000E+000                  2380463
   4.8990000000E+000                  2433322
   5.1120000000E+000                  2218319
   5.3250000000E+000                  2069567
   5.5380000000E+000                  2012243
   5.7510000000E+000                  2109246
   5.9640000000E+000                  1985967
   6.1770000000E+000                  1745002
   6.3900000000E+000                  1670320
   6.6030000000E+000                  1729279
   6.8160000000E+000                  1734709
   7.0290000000E+000                  1605002
   7.2420000000E+000                  1490630
   7.4550000000E+000                  1482105
   7.6680000000E+000                  1533379
   7.8810000000E+000                  1451514
   8.0940000000E+000                  1279624
   8.3070000000E+000                  1177952
   8.5200000000E+000                  1178180
   8.7330000000E+000                  1159301
   8.9460000000E+000                  1024138
   9.1590000000E+000                   926334
   9.3720000000E+000                   919909
   9.5850000000E+000                   953136
   9.7980000000E+000                   885530
   1.0011000000E+001                   779180
   1.0224000000E+001                   719263
   1.0437000000E+001                   719695
   1.0650000000E+001                   684627
   1.0863000000E+001                   577527
   1.1076000000E+001                   486800
   1.1289000000E+001                   474714
   1.1502000000E+001                   492146
   1.1715000000E+001                   443451
   1.1928000000E+001                   361925
   1.2141000000E+001                   331137
   1.2354000000E+001                   343316
   1.2567000000E+001                   307849
   1.2780000000E+001                   253069
   1.2993000000E+001                   201292
   1.3206000000E+001                   189119
   1.3419000000E+001                   199091
   1.3632000000E+001                   169050
   1.3845000000E+001                   118413
   1.4058000000E+001                    96724
   1.4271000000E+001                   103682
   1.4484000000E+001                   104957
   1.4697000000E+001                    62143
   1.4910000000E+001                    34128
   1.5123000000E+001                    46132
   1.5336000000E+001                    47047
   1.5549000000E+001                    20475
   1.5762000000E+001                    11520
   1.5975000000E+001                    14025
   1.6188000000E+001                    14107
   1.6401000000E+001                     9766
   1.6614000000E+001                     4112
   1.6827000000E+001                     2265
   1.7040000000E+001                     1854
   1.7253000000E+001                     1245
   1.7466000000E+001                     1271
   1.7679000000E+001                     1035
   1.7892000000E+001                      259
   1.8105000000E+001                       33
   1.8318000000E+001                        0
   1.8531000000E+001                        0
   1.8744000000E+001                        0
   1.8957000000E+001                        0
   1.9170000000E+001                        0
   1.9383000000E+001                        0
   1.9596000000E+001                        0
   1.9809000000E+001                        0
   2.0022000000E+001                        0
   2.0235000000E+001                        0
   2.0448000000E+001                        0
   2.0661000000E+001                        0
   2.0874000000E+001                        0
   2.1087000000E+001                        0
   2.1300000000E+001                        0
