2000000 100                         !MC Steps and number of checkpoints
400000  50                          !Equilibration (approx 20%) and number of checkpoints
2.0 40.0 30                         !T initial,T final, Number of Trajectories
-1                                  !Seed for the Random Number generator (integer),based on the clock system <=0
LookUpTable_MP2_00.05_31.30.txt     !Name of the Potential Energy
yes restart_ne309_eq_50             !restart
13.3                                !Sphere radius for BC (Req=3.130 Angstrom)
309                                 !Number of Molecules
-1                                  !Saves configuration (integer), Yes: >0 / No: <=0
1.0  5.0                            !Max. displacement (Angstrom) and Max. Rotation angle (degrees)
-------------------------           !blank line
System1          1                  !Name and number of atoms
10	 -0.000366014080047	  0.000724614619465	  0.000983659947045
System2		 1
10	 -0.000220658936641	  0.000264315059424	  2.861542931878010
System3		 1
10	  0.790333305591186	 -2.433352055708156	  1.280191542493865
System4		 1
10	 -2.070710253246244	 -1.503570047812285	  1.280158965690886
System5		 1
10	 -2.070509972204815	  1.504622146512441	  1.279887796745389
System6		 1
10	  0.790765779416676	  2.434097500240788	  1.279891868810905
System7		 1
10	  2.558776349102347	  0.000302392761975	  1.280165614063551
System8		 1
10	 -0.791817130237648	 -2.432717140022522	 -1.277572016181659
System9		 1
10	 -2.559325335087154	  0.000648396472822	 -1.278873510560199
System10	 1
10	 -0.790910048434273	  2.434323044931036	 -1.278920547476128
System11	 1
10	  2.070122873062663	  1.504508293757960	 -1.278866862187534
System12	 1
10	  2.070076500928229	 -1.503041006666623	 -1.277567861018455
System13	 1
10	 -0.000659829933774	  0.001641623807928	 -2.859564720331041
System14	 1
10	 -0.000150203252087	  0.000034458491544	  5.786939778110589
System15	 1
10	  0.808619296283624	 -2.489656455963104	  4.236024956400565
System16	 1
10	 -2.118152757831774	 -1.538526318203875	  4.236003016659228
System17	 1
10	 -2.118007658116157	  1.538958293722095	  4.235904621468793
System18	 1
10	  0.809009636514422	  2.489789422579859	  4.235908942827369
System19	 1
10	  2.617697200776231	 -0.000102127615070	  4.236009665031893
System20	 1
10	  3.426518606250398	 -2.489725099950770	  2.618074327359385
System21	 1
10	  1.598918944523047	 -4.922489609558821	  2.588114445663028
System22	 1
10	 -1.309464900937022	 -4.028192746725977	  2.618067512791346
System23	 1
10	 -4.187763377154663	 -3.042009605338464	  2.587997268722215
System24	 1
10	 -4.236057200812795	  0.000430674119208	  2.617970779554651
System25	 1
10	 -4.187414339541685	  3.042673773919596	  2.587962697295894
System26	 1
10	 -1.308847270685697	  4.028711981508015	  2.617913105298228
System27	 1
10	  1.599659568832129	  4.922584348172175	  2.587971174096526
System28	 1
10	  3.426875954189782	  2.489707481846862	  2.617981915481268
System29	 1
10	  5.175777136885214	 -0.000296474979712	  2.588010731662920
System30	 1
10	  2.926630444781488	 -4.028166818295663	  0.001143926942505
System31	 1
10	 -0.000892876839364	 -4.979162327205544	  0.001139707085800
System32	 1
10	 -2.927619716610920	 -4.028083049134700	  0.000663937413405
System33	 1
10	 -4.736016831869583	 -1.538318391617536	  0.000257816151055
System34	 1
10	 -4.735880873457243	  1.539206608851697	  0.000149542095657
System35	 1
10	 -2.926853496262272	  4.028797745013468	  0.000095854855104
System36	 1
10	  0.000229608947927	  4.979650314747595	  0.000100069971336
System37	 1
10	  2.926982473911198	  4.028460674582829	  0.000160581818576
System38	 1
10	  4.735686409532758	  1.538530805757826	  0.000271462297063
System39	 1
10	  4.735701700901429	 -1.538680060915497	  0.000674979088283
System40	 1
10	  1.307953069860367	 -4.026764019749939	 -2.613493792115683
System41	 1
10	 -1.600079078581888	 -4.921297895590393	 -2.586567876964679
System42	 1
10	 -3.427739240165873	 -2.489074061919595	 -2.616895079438270
System43	 1
10	 -5.176010160924998	  0.000453937846511	 -2.587781364200218
System44	 1
10	 -3.426775896766754	  2.490162061609063	 -2.617690884794313
System45	 1
10	 -1.599256014953686	  4.922722633598603	 -2.587964525723861
System46	 1
10	  1.308943588433957	  4.028543778683444	 -2.617684070226273
System47	 1
10	  4.187386748878779	  3.042120300101986	 -2.587767735064138
System48	 1
10	  4.235910937450709	  0.000435667509415	 -2.616884109428176
System49	 1
10	  4.186525125135280	 -3.041540233072566	 -2.586559566638273
System50	 1
10	 -0.811181148339407	 -2.486913353630479	 -4.232465438812404
System51	 1
10	 -2.618438988452931	  0.001110093635573	 -4.235166324173798
System52	 1
10	 -0.809130054265030	  2.490424006153596	 -4.235453864479046
System53	 1
10	  2.117687706924452	  1.539624124256967	 -4.235159675801133
System54	 1
10	  2.117601611028252	 -1.535508639920585	 -4.232461117453826
System55	 1
10	 -0.000399102017458	  0.000851987758019	 -5.785277030201374
System56	 1
10	 -0.000105254374683	 -0.000117129257241	  8.771758760583284
System57	 1
10	  0.817362518975011	 -2.516584365458597	  7.220101652331585
System58	 1
10	 -2.140822576484730	 -1.555236570957855	  7.220101652331585
System59	 1
10	 -2.140670329531475	  1.555304882554773	  7.220090350209595
System60	 1
10	  0.817731501427134	  2.516331396300817	  7.220095003958921
System61	 1
10	  2.645851727778367	 -0.000302292375507	  7.220108965485747
System62	 1
10	  3.485594696394271	 -2.532956384135467	  5.640086079180389
System63	 1
10	  1.629495293103111	 -5.016628343220376	  5.595350775938171
System64	 1
10	 -1.331864963026311	 -4.097891210857424	  5.640078766026227
System65	 1
10	 -4.267540381903173	 -3.100243351796486	  5.595340803379174
System66	 1
10	 -4.308937889475022	  0.000190342781141	  5.640130623165707
System67	 1
10	 -4.267244530992667	  3.100561474560224	  5.595435209880630
System68	 1
10	 -1.331342653351001	  4.097947721746228	  5.640137271538372
System69	 1
10	  1.630222454471488	  5.016332824700619	  5.595443852597786
System70	 1
10	  3.485976310810228	  2.532340748507483	  5.640141925287697
System71	 1
10	  5.274539121626676	 -0.000532569451146	  5.595354764906000
System72	 1
10	  6.092061699016376	 -2.517005205050199	  3.959858520188405
System73	 1
10	  4.275508741249907	 -5.016763969241969	  3.959858852858005
System74	 1
10	  2.423881837843765	 -7.462042469623387	  3.922555720858071
System75	 1
10	 -0.511296700923129	 -6.571740922669378	  3.959851872094591
System76	 1
10	 -3.450113540299073	 -5.616747106085078	  3.959844891331177
System77	 1
10	 -6.347708719914946	 -4.611513831377506	  3.922431396958470
System78	 1
10	 -6.408104171834329	 -1.544821126105525	  3.959997470396330
System79	 1
10	 -6.407981842558068	  1.545457870219125	  3.960086890478863
System80	 1
10	 -6.347262616953378	  4.611989852016070	  3.922671069370919
System81	 1
10	 -3.449407819528207	  5.617011044974100	  3.960094868414521
System82	 1
10	 -0.510342914594573	  6.571756213759199	  3.960099190051949
System83	 1
10	  2.424925626217514	  7.461604344597477	  3.922683701334753
System84	 1
10	  4.276186538967118	  5.016172267699809	  3.960102181847533
System85	 1
10	  6.092374835640040	  2.515915543128139	  3.960015420890986
System86	 1
10	  7.845737049903127	 -0.000823257429854	  3.922451674467215
System87	 1
10	  5.639945134627975	 -4.098254209997227	  1.331260380227255
System88	 1
10	  3.770004400573428	 -6.572066690978027	  1.314602981785000
System89	 1
10	  0.811728555468161	 -7.533051985203937	  1.314598660426422
System90	 1
10	 -2.155036380081948	 -6.630426423289391	  1.331249161202952
System91	 1
10	 -5.085321912041821	 -5.616705221783448	  1.313978952732922
System92	 1
10	 -6.913365516190879	 -3.100205456183833	  1.313997484911387
System93	 1
10	 -6.971826967879011	  0.000338281202979	  1.331273012191090
System94	 1
10	 -6.913160082535152	  3.100732668901530	  1.314153554637097
System95	 1
10	 -5.084727883485574	  5.617056253740913	  1.314117404354724
System96	 1
10	 -2.154069878691871	  6.630631856666268	  1.331271765725785
System97	 1
10	  0.812766360250741	  7.532836579268062	  1.314125880876504
System98	 1
10	  3.770929515969146	  6.571421802733395	  1.314168928824604
System99	 1
10	  5.640430463044041	  4.097385605211463	  1.331291128881120
System100	 1
10	  7.415250836873660	  1.554395058248875	  1.314018094810880
System101	 1
10	  7.415082634049088	 -1.555992818747505	  1.313996986325265
System102	 1
10	  5.083793127921606	 -5.617194538888491	 -1.314070367438795
System103	 1
10	  2.153823391711383	 -6.630677730214578	 -1.328664206317065
System104	 1
10	 -0.812401782254882	 -7.532552695539895	 -1.314078927058262
System105	 1
10	 -3.770371388402210	 -6.571230995664843	 -1.315087728517256
System106	 1
10	 -5.640516226549493	 -4.097732315810353	 -1.331580414516647
System107	 1
10	 -7.415199644794527	 -1.555079171669153	 -1.314577136452372
System108	 1
10	 -7.415147787655047	  1.555583281556745	 -1.314556277259818
System109	 1
10	 -5.640062145373415	  4.098123237724961	 -1.331714045914899
System110	 1
10	 -3.770240748799544	  6.571778153500536	 -1.314656750171281
System111	 1
10	 -0.811840662892362	  7.532804002465083	 -1.314652428812704
System112	 1
10	  2.154735210640621	  6.630235616220838	 -1.331702826890595
System113	 1
10	  5.085142739486007	  5.616258453761531	 -1.314538243667475
System114	 1
10	  6.913253159194766	  3.099468156061084	 -1.314556526552880
System115	 1
10	  6.971627517814452	 -0.000722109140546	 -1.331562214728930
System116	 1
10	  6.912123607594415	 -3.101060431833519	 -1.315072354329749
System117	 1
10	  3.447342514912794	 -5.616934589246149	 -3.953784935618425
System118	 1
10	  0.511496150987687	 -6.570633975313010	 -3.953789256977003
System119	 1
10	 -2.422338427415226	 -7.459996777735221	 -3.924910228011325
System120	 1
10	 -4.276272967254067	 -5.015560621039652	 -3.960399694711780
System121	 1
10	 -6.092779719081475	 -2.515950779335955	 -3.960292988916087
System122	 1
10	 -7.845713780598795	  0.000270065252056	 -3.923187645026971
System123	 1
10	 -6.091909452341971	  2.516631069983777	 -3.960619089615484
System124	 1
10	 -4.275474834883934	  5.016475431485624	 -3.960709506870261
System125	 1
10	 -2.423996022988994	  7.461589718289153	 -3.923397067371677
System126	 1
10	  0.510965988023250	  6.571334044604603	 -3.960702858497596
System127	 1
10	  3.449737909474285	  5.616201278091230	 -3.960605460479404
System128	 1
10	  6.347541846932219	  4.610898860531018	 -3.923167035127479
System129	 1
10	  6.407979847934729	  1.544876806017460	 -3.960274706030683
System130	 1
10	  6.407219278786501	 -1.545065784658047	 -3.960384403343109
System131	 1
10	  6.343751632039513	 -4.612363155826769	 -3.924897596047491
System132	 1
10	  1.328926067485060	 -4.091313017813728	 -5.631033044330520
System133	 1
10	 -1.634221759318152	 -5.011466244910035	 -5.593070397777631
System134	 1
10	 -3.488174914433145	 -2.530968200308352	 -5.639025670153828
System135	 1
10	 -5.274978243824831	  0.000391579724822	 -5.595563522469210
System136	 1
10	 -3.485629932602086	  2.532765909457662	 -5.640477001373848
System137	 1
10	 -1.629643052223564	  5.016278640825902	 -5.595973059938822
System138	 1
10	  1.331532463247310	  4.097604002942923	 -5.640469688219686
System139	 1
10	  4.267505810476854	  3.100233711628236	 -5.595549561221234
System140	 1
10	  4.309437179417915	  0.002058579558641	 -5.639015032813332
System141	 1
10	  4.267147465365226	 -3.094427389854759	 -5.593061754781626
System142	 1
10	 -0.822620685461700	 -2.514202766507410	 -7.215942454986757
System143	 1
10	 -2.646297165958440	 -0.000191220047327	 -7.219688125894144
System144	 1
10	 -0.817245009643450	  2.515418414003960	 -7.220138882883891
System145	 1
10	  2.141000253003327	  1.554945373796675	 -7.219681477521479
System146	 1
10	  2.142902341213094	 -1.550862964849396	 -7.215937801237430
System147	 1
10	  0.001006666294599	 -0.003462237524069	 -8.770614582395758
System148	 1
10	 -2.668926097203160	  8.215535284289038	  5.338386055496682
System149	 1
10	  6.451975191928212	 -4.692278778392457	 -6.980332845172038
System150	 1
10	 -6.455800642749883	  4.690791878573872	  6.977298545957084
System151	 1
10	  8.573598545851734	  6.227551402477675	 -5.299293857064591
System152	 1
10	  10.597264696055445	 -0.001220573683595	  5.297884078034305
System153	 1
10	  9.657869863231328	  3.136614719749184	 -0.000758758287893
System154	 1
10	 -8.573724864374675	 -6.228849156902597	  5.297856487650250
System155	 1
10	  0.825510715937907	 -2.541681158024928	  10.257712387912772
System156	 1
10	  3.274010500109229	 -10.079065030673366	  5.297725515377983
System157	 1
10	 -0.000081924838473	 -0.000202570410592	  11.847939800409685
System158	 1
10	 -1.630504842441288	 -5.085221522228046	 -8.640468144423954
System159	 1
10	 -9.657611907933475	  3.138350599478869	 -0.000465691986457
System160	 1
10	 -5.968406028629073	  8.215559883156358	 -0.000520422967422
System161	 1
10	 -9.127946527705726	  4.690912213505643	  2.653491659690467
System162	 1
10	  1.338526759035594	 -4.120854220737198	 -8.664846916925185
System163	 1
10	 -3.273993546786818	  10.078209390242185	 -5.299450092985676
System164	 1
10	  5.969348097347202	  8.214713550223829	 -0.000443183667322
System165	 1
10	  0.825861664797687	  2.541199319990569	  10.257770228643421
System166	 1
10	  6.988813458816248	  5.076714647483922	  5.338278352528745
System167	 1
10	  8.614070273246369	 -3.121357460168966	 -5.328364025768422
System168	 1
10	  0.001331474239375	 -0.004448455095226	 -11.847039616272038
System169	 1
10	  2.162573262775436	 -1.575421907357537	 -10.257340746334663
System170	 1
10	  4.628384641132296	  9.159607884179675	  2.653511438334239
System171	 1
10	 -5.135468958565825	 -7.587846881396318	 -5.328383638495670
System172	 1
10	  2.162714373523223	  1.566464109428293	 -10.257056862327644
System173	 1
10	  3.524957481809197	  2.560513891064624	  8.684079879656991
System174	 1
10	  6.456161647266347	  4.688920040431848	 -6.978243938861548
System175	 1
10	 -10.141468279147110	 -1.570647406775471	 -2.654589797855456
System176	 1
10	  7.282067440282066	  7.230933116551967	 -2.654413783290601
System177	 1
10	  9.206509214241828	  1.565684592334314	 -2.680601068477011
System178	 1
10	  5.630434694136844	  7.230673166630774	 -5.326788703318400
System179	 1
10	 -6.986572970612849	 -5.076889831071907	 -5.340868875517366
System180	 1
10	  10.141836596817738	  1.569416800300998	  2.653143785445108
System181	 1
10	 -5.630598243212090	 -7.231954965184380	  5.325254267997763
System182	 1
10	 -1.346186802261065	  4.143630080125500	  8.684099824496137
System183	 1
10	  7.979951602904634	 -0.000915075912408	  6.977036601691403
System184	 1
10	 -8.573174382352651	  6.229361078530473	  5.298287299521999
System185	 1
10	 -3.524225832886868	  2.559394145549046	 -8.684918899156509
System186	 1
10	  9.124920206426431	 -4.691821040639297	 -2.656299749154826
System187	 1
10	 -4.319387739558298	 -3.138037462855204	  8.637837399087443
System188	 1
10	  8.636154706060232	 -0.001901919225880	 -5.340846270994533
System189	 1
10	  5.338691213905838	 -0.000644711174057	  8.637851360614272
System190	 1
10	 -5.629855624558519	  7.232190316238250	  5.325745247335399
System191	 1
10	  8.617564637228570	  3.118355405366244	 -5.326980507838049
System192	 1
10	 -5.337430690033221	 -0.002546250604468	 -8.638482287332076
System193	 1
10	 -6.456254059144465	 -4.690465445483727	  6.977015991791911
System194	 1
10	  5.138652845050347	  7.588931889290200	  5.325734609994903
System195	 1
10	  2.665960441975873	 -8.207210906287060	 -5.358063791627064
System196	 1
10	  1.640847155473150	  10.130582298661265	  2.653488667894883
System197	 1
10	  6.988070840162676	 -5.078249082804559	  5.337753466546285
System198	 1
10	  9.656686460147009	 -3.139395052634114	 -0.001500639658630
System199	 1
10	 -1.639499039667115	  10.130494540811323	 -2.654535115394618
System200	 1
10	  10.141554707712912	 -1.571942169683659	  2.652967937075627
System201	 1
10	  4.348387768237243	 -5.097318164070369	  7.035830470060849
System202	 1
10	  5.137582131074039	 -7.589974348100958	  5.325080414251622
System203	 1
10	  2.669810159274118	  8.214427671872322	 -5.339481700731060
System204	 1
10	 -8.638337353811833	  0.000289856444135	  5.338255748005912
System205	 1
10	 -2.669886781197442	 -8.215602432239486	  5.337739505019457
System206	 1
10	 -2.162048709183725	 -1.570773226433438	  10.257732997812264
System207	 1
10	  0.522941505784627	  6.678552376513700	 -7.037211328865237
System208	 1
10	 -0.303468459581375	  9.159407104273273	 -5.326837901053043
System209	 1
10	  2.466424687249608	  7.589145300881587	  6.977311842702416
System210	 1
10	 -8.805086189431631	  2.541344752375785	 -5.326809313217892
System211	 1
10	 -4.357041903236847	  0.000074133454334	  8.684068577535001
System212	 1
10	 -6.987790945123488	  5.077190003340990	 -5.339495662257887
System213	 1
10	  5.626324694805509	 -7.232772710281758	 -5.329367259403534
System214	 1
10	  8.369168953062726	 -4.144751654069043	  2.678544074466855
System215	 1
10	  1.639708462290672	 -10.131110841220805	  2.652702834818986
System216	 1
10	 -9.657689028721773	 -3.137976630607821	 -0.000786587089808
System217	 1
10	 -6.190506890557090	  2.560267736474883	 -7.037300416557024
System218	 1
10	 -6.526749658473798	 -6.679249786679310	 -2.681092546679621
System219	 1
10	 -3.272126694784866	 -10.076746092118675	 -5.301455562525952
System220	 1
10	 -9.128262988236873	 -4.690407272641181	  2.653116028865679
System221	 1
10	  4.349089499761428	  5.096334543162507	  7.036150919838677
System222	 1
10	 -1.354871769012220	 -9.240714887765337	  2.678231602624686
System223	 1
10	  3.002978904214104	  9.239985565857097	 -0.013651002761366
System224	 1
10	  7.277914891588752	 -7.232651710568491	 -2.656597594688672
System225	 1
10	  6.191314663095473	  2.560268733647128	  7.036061832146891
System226	 1
10	 -7.860427871311151	 -5.710896809756727	 -0.014123634241245
System227	 1
10	 -9.206721296270223	  1.567564907276970	  2.679092395670166
System228	 1
10	 -0.301910672137573	 -9.158538832157108	 -5.329375569729939
System229	 1
10	 -10.596872444298993	  0.000091482745590	 -5.299321780118246
System230	 1
10	 -7.281927160511147	 -7.231898454295576	  2.652942839622183
System231	 1
10	  7.859118149703891	 -5.712214509299645	  0.011704066897217
System232	 1
10	 -3.503885257738347	 -5.711011161097329	  7.035845096369172
System233	 1
10	 -7.860068196636530	  5.711162742990238	 -0.013666651059700
System234	 1
10	 -8.369196876116382	  4.143804598931988	 -2.680122388712462
System235	 1
10	 -1.648959119055985	  5.075754628271136	 -8.638763511934258
System236	 1
10	 -0.824531333290934	  2.537861856710949	 -10.257460416206088
System237	 1
10	 -0.824095618376798	 -2.545630766271975	 -10.257345400083988
System238	 1
10	 -4.335142626569966	  8.271987609859812	  2.679137437962755
System239	 1
10	 -4.335915495291280	 -8.271953703214988	  2.678525791581451
System240	 1
10	 -1.346713599490326	 -4.143841829484294	  8.683964198753396
System241	 1
10	 -3.001840709617749	  9.240395767829355	  0.012694919255811
System242	 1
10	 -4.319057982281820	  3.138146828055733	  8.637978343918709
System243	 1
10	  2.672148377886456	 -0.000401468628430	  10.257739646184929
System244	 1
10	  4.331769262579884	 -8.272037472375953	 -2.684877276288428
System245	 1
10	  1.356253541891166	 -9.238623322328863	 -2.684881431730483
System246	 1
10	  0.304637195087378	  9.159989498316781	  5.325753890331404
System247	 1
10	  1.650048614503819	  5.077190003340990	  8.637986986635863
System248	 1
10	 -8.369287293371158	 -4.143751079838768	 -2.680626332404680
System249	 1
10	 -9.715849975750073	  0.000206513089105	  0.012636812501023
System250	 1
10	  0.303420155286293	 -9.160335211743426	  5.325073433488209
System251	 1
10	  3.001729017403131	 -9.240856497378099	 -0.014997186406752
System252	 1
10	 -2.465286160262504	  7.588709834981661	 -6.978379564883140
System253	 1
10	  8.805884654192509	  2.540447393559496	  5.325506572374046
System254	 1
10	  4.307492209455422	 -3.156283812883561	 -8.640459501706800
System255	 1
10	 -4.627188938474891	  9.159954262108965	 -2.654539436753195
System256	 1
10	  1.649347049175008	 -5.077753449717598	  8.637800833316636
System257	 1
10	  7.860686491390500	  5.709882273999625	  0.012662130804696
System258	 1
10	 -8.617756774138966	  3.120210955246205	  5.325714997546507
System259	 1
10	  0.511058690743272	 -6.666939733245599	 -7.010247684575807
System260	 1
10	 -8.805238436106034	 -2.541380487169723	 -5.327005439096118
System261	 1
10	  3.503875950239696	  5.709453456751216	 -7.037286455030196
System262	 1
10	  4.319770351146500	  3.134561382037258	 -8.638468325805249
System263	 1
10	 -2.670627405506524	 -0.003629785884642	 -10.257063510700311
System264	 1
10	  6.526542230473581	 -6.680465766845459	  2.678243071220902
System265	 1
10	 -8.618011405250488	 -3.119643519901767	  5.325481308725228
System266	 1
10	 -3.503229399762472	  5.711026452187149	  7.036166875709992
System267	 1
10	 -2.161870700274381	  1.570644913844860	  10.257766239396739
System268	 1
10	 -5.137470771529021	  7.589098762551779	 -5.326844881816457
System269	 1
10	 -3.521284277940781	 -2.565684133227145	 -8.684436230145280
System270	 1
10	  6.513664409304686	  1.565225857408910	 -7.037438701983451
System271	 1
10	 -3.002065423052274	 -9.240431668818667	  0.011688414973816
System272	 1
10	 -0.522930951541819	 -6.679749076622201	  7.035823821688184
System273	 1
10	  9.205779227273240	 -1.568593570477422	 -2.681069775961413
System274	 1
10	  8.569120893631270	 -6.230158213728360	 -5.301438277091643
System275	 1
10	 -9.206805065152334	 -1.567033206726471	  2.678940148716911
System276	 1
10	 -5.968457885768553	 -8.215168296181403	 -0.001523158016411
System277	 1
10	  4.336021536305477	  8.271050194891009	 -2.680104105827058
System278	 1
10	  1.355098975656208	  9.239885840824819	 -2.680146322519436
System279	 1
10	  2.465382394913077	 -7.589810799025712	  6.976996711734262
System280	 1
10	  8.369846418389191	  4.142680033471712	  2.678965412365728
System281	 1
10	 -7.979441010839749	 -0.000434545411789	 -6.978265213542536
System282	 1
10	  1.347119480104006	  4.141833368148433	 -8.684911586002347
System283	 1
10	  4.626908711323805	 -9.160729457844365	  2.652707156177564
System284	 1
10	 -1.638282062328721	 -10.129047198559132	 -2.656610558764403
System285	 1
10	  9.128215120344073	  4.689041040145115	 -2.654562041276027
System286	 1
10	 -2.462928827509041	 -7.588253759461094	 -6.980345477135873
System287	 1
10	 -6.514229517635035	 -1.567082570656488	  7.036043881652234
System288	 1
10	  9.715764212244622	 -0.001332995094359	 -0.014098307014331
System289	 1
10	  6.190956317983844	 -2.561675853272579	  7.035859057895999
System290	 1
10	  3.524605120288737	 -2.561411249602060	  8.683971511907556
System291	 1
10	  8.805499050808724	 -2.542439566633292	  5.325275210288003
System292	 1
10	 -1.353967595627891	  9.240411723979523	  2.679141759600184
System293	 1
10	 -6.514085248896288	  1.567470833445112	  7.036135628748856
System294	 1
10	  4.356635690232419	 -0.006569682223205	 -8.684424928023290
System295	 1
10	 -4.625874895509054	 -9.158718337103670	 -2.656319528077448
System296	 1
10	  0.000665922555801	  10.154591423928876	 -0.000511823472219
System297	 1
10	  6.509583662589997	 -1.570990793188027	 -7.039620019893208
System298	 1
10	  3.275402328644860	  10.078329060392461	  5.298304585235160
System299	 1
10	 -6.190238962700240	 -2.561592416781215	 -7.037457317259603
System300	 1
10	  0.000939457833419	 -10.154304880795873	 -0.002564178791020
System301	 1
10	 -10.141573987770562	  1.570925140995946	 -2.654438880744044
System302	 1
10	 -6.526711098079649	  6.679507077195666	 -2.680157624920278
System303	 1
10	 -4.343851942895382	 -5.096691226320394	 -7.039635976043376
System304	 1
10	 -7.281365376367131	  7.232232865600229	  2.653475869735674
System305	 1
10	  6.527643859299128	  6.678818309747212	  2.679114999914148
System306	 1
10	  3.504301443580624	 -5.694595761802759	 -7.010243030826482
System307	 1
10	  5.966466045085506	 -8.216424831086190	 -0.002555583478587
System308	 1
10	 -0.522054867406520	  6.679450566306860	  7.036170864677821
System309	 1
10	 -4.348166046319452	  5.096189942033012	 -7.037218642019400
