  -1.4309038102E+001                        0
  -1.4280129088E+001                        0
  -1.4251220073E+001                        0
  -1.4222311058E+001                        0
  -1.4193402043E+001                        0
  -1.4164493029E+001                        0
  -1.4135584014E+001                        0
  -1.4106674999E+001                        0
  -1.4077765985E+001                        0
  -1.4048856970E+001                        0
  -1.4019947955E+001                        0
  -1.3991038940E+001                        0
  -1.3962129926E+001                        0
  -1.3933220911E+001                        0
  -1.3904311896E+001                        0
  -1.3875402881E+001                        0
  -1.3846493867E+001                        0
  -1.3817584852E+001                        0
  -1.3788675837E+001                        0
  -1.3759766823E+001                        0
  -1.3730857808E+001                        0
  -1.3701948793E+001                        0
  -1.3673039778E+001                        0
  -1.3644130764E+001                        0
  -1.3615221749E+001                        0
  -1.3586312734E+001                        0
  -1.3557403719E+001                        0
  -1.3528494705E+001                        0
  -1.3499585690E+001                        0
  -1.3470676675E+001                        0
  -1.3441767661E+001                        0
  -1.3412858646E+001                        0
  -1.3383949631E+001                        0
  -1.3355040616E+001                        0
  -1.3326131602E+001                        0
  -1.3297222587E+001                        0
  -1.3268313572E+001                        0
  -1.3239404557E+001                        0
  -1.3210495543E+001                        0
  -1.3181586528E+001                        0
  -1.3152677513E+001                        0
  -1.3123768498E+001                        0
  -1.3094859484E+001                        0
  -1.3065950469E+001                        0
  -1.3037041454E+001                        0
  -1.3008132440E+001                        0
  -1.2979223425E+001                        0
  -1.2950314410E+001                        0
  -1.2921405395E+001                        0
  -1.2892496381E+001                        0
  -1.2863587366E+001                        0
  -1.2834678351E+001                        0
  -1.2805769336E+001                        0
  -1.2776860322E+001                        0
  -1.2747951307E+001                        0
  -1.2719042292E+001                        0
  -1.2690133278E+001                        0
  -1.2661224263E+001                        0
  -1.2632315248E+001                        0
  -1.2603406233E+001                        0
  -1.2574497219E+001                        0
  -1.2545588204E+001                        0
  -1.2516679189E+001                        0
  -1.2487770174E+001                        0
  -1.2458861160E+001                        0
  -1.2429952145E+001                        0
  -1.2401043130E+001                        0
  -1.2372134116E+001                        0
  -1.2343225101E+001                        0
  -1.2314316086E+001                        0
  -1.2285407071E+001                        0
  -1.2256498057E+001                        0
  -1.2227589042E+001                        1
  -1.2198680027E+001                        0
  -1.2169771012E+001                        2
  -1.2140861998E+001                        0
  -1.2111952983E+001                        2
  -1.2083043968E+001                        1
  -1.2054134954E+001                        2
  -1.2025225939E+001                        3
  -1.1996316924E+001                        2
  -1.1967407909E+001                        1
  -1.1938498895E+001                        3
  -1.1909589880E+001                        5
  -1.1880680865E+001                        3
  -1.1851771850E+001                        6
  -1.1822862836E+001                        9
  -1.1793953821E+001                        8
  -1.1765044806E+001                       12
  -1.1736135792E+001                        9
  -1.1707226777E+001                        8
  -1.1678317762E+001                       12
  -1.1649408747E+001                       15
  -1.1620499733E+001                       19
  -1.1591590718E+001                       12
  -1.1562681703E+001                       19
  -1.1533772688E+001                       28
  -1.1504863674E+001                       24
  -1.1475954659E+001                       39
  -1.1447045644E+001                       30
  -1.1418136630E+001                       37
  -1.1389227615E+001                       36
  -1.1360318600E+001                       50
  -1.1331409585E+001                       46
  -1.1302500571E+001                       57
  -1.1273591556E+001                       70
  -1.1244682541E+001                       71
  -1.1215773526E+001                       80
  -1.1186864512E+001                       93
  -1.1157955497E+001                       95
  -1.1129046482E+001                      122
  -1.1100137468E+001                      131
  -1.1071228453E+001                      123
  -1.1042319438E+001                      128
  -1.1013410423E+001                      159
  -1.0984501409E+001                      153
  -1.0955592394E+001                      191
  -1.0926683379E+001                      196
  -1.0897774364E+001                      224
  -1.0868865350E+001                      251
  -1.0839956335E+001                      257
  -1.0811047320E+001                      291
  -1.0782138306E+001                      319
  -1.0753229291E+001                      349
  -1.0724320276E+001                      343
  -1.0695411261E+001                      387
  -1.0666502247E+001                      448
  -1.0637593232E+001                      449
  -1.0608684217E+001                      496
  -1.0579775202E+001                      551
  -1.0550866188E+001                      548
  -1.0521957173E+001                      589
  -1.0493048158E+001                      647
  -1.0464139144E+001                      726
  -1.0435230129E+001                      653
  -1.0406321114E+001                      808
  -1.0377412099E+001                      836
  -1.0348503085E+001                      912
  -1.0319594070E+001                      970
  -1.0290685055E+001                      972
  -1.0261776040E+001                     1075
  -1.0232867026E+001                     1052
  -1.0203958011E+001                     1145
  -1.0175048996E+001                     1201
  -1.0146139982E+001                     1317
  -1.0117230967E+001                     1358
  -1.0088321952E+001                     1340
  -1.0059412937E+001                     1484
  -1.0030503923E+001                     1485
  -1.0001594908E+001                     1565
  -9.9726858932E+000                     1624
  -9.9437768784E+000                     1722
  -9.9148678637E+000                     1721
  -9.8859588490E+000                     1844
  -9.8570498342E+000                     1823
  -9.8281408195E+000                     1907
  -9.7992318048E+000                     1968
  -9.7703227901E+000                     2045
  -9.7414137753E+000                     2153
  -9.7125047606E+000                     2151
  -9.6835957459E+000                     2189
  -9.6546867311E+000                     2389
  -9.6257777164E+000                     2272
  -9.5968687017E+000                     2362
  -9.5679596870E+000                     2402
  -9.5390506722E+000                     2425
  -9.5101416575E+000                     2399
  -9.4812326428E+000                     2545
  -9.4523236281E+000                     2476
  -9.4234146133E+000                     2529
  -9.3945055986E+000                     2450
  -9.3655965839E+000                     2611
  -9.3366875691E+000                     2571
  -9.3077785544E+000                     2615
  -9.2788695397E+000                     2565
  -9.2499605250E+000                     2640
  -9.2210515102E+000                     2684
  -9.1921424955E+000                     2663
  -9.1632334808E+000                     2734
  -9.1343244660E+000                     2708
  -9.1054154513E+000                     2697
  -9.0765064366E+000                     2541
  -9.0475974219E+000                     2619
  -9.0186884071E+000                     2584
  -8.9897793924E+000                     2635
  -8.9608703777E+000                     2598
  -8.9319613630E+000                     2598
  -8.9030523482E+000                     2513
  -8.8741433335E+000                     2596
  -8.8452343188E+000                     2553
  -8.8163253040E+000                     2438
  -8.7874162893E+000                     2375
  -8.7585072746E+000                     2410
  -8.7295982599E+000                     2424
  -8.7006892451E+000                     2332
  -8.6717802304E+000                     2325
  -8.6428712157E+000                     2401
  -8.6139622009E+000                     2315
  -8.5850531862E+000                     2244
  -8.5561441715E+000                     2172
  -8.5272351568E+000                     2113
  -8.4983261420E+000                     2164
  -8.4694171273E+000                     2077
  -8.4405081126E+000                     1923
  -8.4115990979E+000                     1933
  -8.3826900831E+000                     1870
  -8.3537810684E+000                     1859
  -8.3248720537E+000                     1753
  -8.2959630389E+000                     1717
  -8.2670540242E+000                     1667
  -8.2381450095E+000                     1616
  -8.2092359948E+000                     1636
  -8.1803269800E+000                     1545
  -8.1514179653E+000                     1461
  -8.1225089506E+000                     1450
  -8.0935999358E+000                     1383
  -8.0646909211E+000                     1278
  -8.0357819064E+000                     1258
  -8.0068728917E+000                     1252
  -7.9779638769E+000                     1102
  -7.9490548622E+000                     1161
  -7.9201458475E+000                     1042
  -7.8912368327E+000                     1006
  -7.8623278180E+000                     1044
  -7.8334188033E+000                      993
  -7.8045097886E+000                      858
  -7.7756007738E+000                      827
  -7.7466917591E+000                      828
  -7.7177827444E+000                      785
  -7.6888737297E+000                      730
  -7.6599647149E+000                      713
  -7.6310557002E+000                      647
  -7.6021466855E+000                      634
  -7.5732376707E+000                      602
  -7.5443286560E+000                      595
  -7.5154196413E+000                      531
  -7.4865106266E+000                      525
  -7.4576016118E+000                      510
  -7.4286925971E+000                      472
  -7.3997835824E+000                      432
  -7.3708745676E+000                      435
  -7.3419655529E+000                      401
  -7.3130565382E+000                      387
  -7.2841475235E+000                      351
  -7.2552385087E+000                      322
  -7.2263294940E+000                      294
  -7.1974204793E+000                      259
  -7.1685114646E+000                      277
  -7.1396024498E+000                      294
  -7.1106934351E+000                      235
  -7.0817844204E+000                      234
  -7.0528754056E+000                      215
  -7.0239663909E+000                      209
  -6.9950573762E+000                      188
  -6.9661483615E+000                      189
  -6.9372393467E+000                      171
  -6.9083303320E+000                      128
  -6.8794213173E+000                      138
  -6.8505123025E+000                      136
  -6.8216032878E+000                      107
  -6.7926942731E+000                      120
  -6.7637852584E+000                      102
  -6.7348762436E+000                      104
  -6.7059672289E+000                      106
  -6.6770582142E+000                       82
  -6.6481491995E+000                       61
  -6.6192401847E+000                       67
  -6.5903311700E+000                       67
  -6.5614221553E+000                       62
  -6.5325131405E+000                       51
  -6.5036041258E+000                       60
  -6.4746951111E+000                       49
  -6.4457860964E+000                       39
  -6.4168770816E+000                       38
  -6.3879680669E+000                       38
  -6.3590590522E+000                       23
  -6.3301500374E+000                       31
  -6.3012410227E+000                       20
  -6.2723320080E+000                       24
  -6.2434229933E+000                       24
  -6.2145139785E+000                       16
  -6.1856049638E+000                       16
  -6.1566959491E+000                       19
  -6.1277869343E+000                       16
  -6.0988779196E+000                       12
  -6.0699689049E+000                       10
  -6.0410598902E+000                        9
  -6.0121508754E+000                        9
  -5.9832418607E+000                        6
  -5.9543328460E+000                        6
  -5.9254238313E+000                        4
  -5.8965148165E+000                        6
  -5.8676058018E+000                        1
  -5.8386967871E+000                        5
  -5.8097877723E+000                        4
  -5.7808787576E+000                        1
  -5.7519697429E+000                        2
  -5.7230607282E+000                        0
  -5.6941517134E+000                        3
  -5.6652426987E+000                        1
  -5.6363336840E+000                        1
  -5.6074246692E+000                        2
  -5.5785156545E+000                        1
  -5.5496066398E+000                        1
  -5.5206976251E+000                        1
  -5.4917886103E+000                        0
  -5.4628795956E+000                        0
  -5.4339705809E+000                        0
  -5.4050615662E+000                        0
  -5.3761525514E+000                        0
  -5.3472435367E+000                        0
  -5.3183345220E+000                        0
  -5.2894255072E+000                        0
  -5.2605164925E+000                        0
  -5.2316074778E+000                        0
  -5.2026984631E+000                        0
  -5.1737894483E+000                        0
  -5.1448804336E+000                        0
  -5.1159714189E+000                        0
  -5.0870624041E+000                        0
  -5.0581533894E+000                        0
  -5.0292443747E+000                        0
  -5.0003353600E+000                        0
  -4.9714263452E+000                        0
  -4.9425173305E+000                        0
  -4.9136083158E+000                        0
  -4.8846993010E+000                        0
  -4.8557902863E+000                        0
  -4.8268812716E+000                        0
  -4.7979722569E+000                        0
  -4.7690632421E+000                        0
  -4.7401542274E+000                        0
  -4.7112452127E+000                        0
  -4.6823361980E+000                        0
  -4.6534271832E+000                        0
  -4.6245181685E+000                        0
  -4.5956091538E+000                        0
  -4.5667001390E+000                        0
  -4.5377911243E+000                        0
  -4.5088821096E+000                        0
  -4.4799730949E+000                        0
  -4.4510640801E+000                        0
  -4.4221550654E+000                        0
  -4.3932460507E+000                        0
  -4.3643370359E+000                        0
  -4.3354280212E+000                        0
  -4.3065190065E+000                        0
  -4.2776099918E+000                        0
  -4.2487009770E+000                        0
  -4.2197919623E+000                        0
  -4.1908829476E+000                        0
  -4.1619739329E+000                        0
  -4.1330649181E+000                        0
  -4.1041559034E+000                        0
  -4.0752468887E+000                        0
  -4.0463378739E+000                        0
  -4.0174288592E+000                        0
  -3.9885198445E+000                        0
  -3.9596108298E+000                        0
  -3.9307018150E+000                        0
  -3.9017928003E+000                        0
  -3.8728837856E+000                        0
  -3.8439747708E+000                        0
  -3.8150657561E+000                        0
  -3.7861567414E+000                        0
  -3.7572477267E+000                        0
  -3.7283387119E+000                        0
  -3.6994296972E+000                        0
  -3.6705206825E+000                        0
  -3.6416116678E+000                        0
  -3.6127026530E+000                        0
  -3.5837936383E+000                        0
  -3.5548846236E+000                        0
  -3.5259756088E+000                        0
  -3.4970665941E+000                        0
  -3.4681575794E+000                        0
  -3.4392485647E+000                        0
  -3.4103395499E+000                        0
  -3.3814305352E+000                        0
  -3.3525215205E+000                        0
  -3.3236125057E+000                        0
  -3.2947034910E+000                        0
  -3.2657944763E+000                        0
  -3.2368854616E+000                        0
  -3.2079764468E+000                        0
  -3.1790674321E+000                        0
  -3.1501584174E+000                        0
  -3.1212494026E+000                        0
  -3.0923403879E+000                        0
  -3.0634313732E+000                        0
  -3.0345223585E+000                        0
  -3.0056133437E+000                        0
  -2.9767043290E+000                        0
  -2.9477953143E+000                        0
  -2.9188862996E+000                        0
  -2.8899772848E+000                        0
  -2.8610682701E+000                        0
  -2.8321592554E+000                        0
  -2.8032502406E+000                        0
  -2.7743412259E+000                        0
  -2.7454322112E+000                        0
  -2.7165231965E+000                        0
  -2.6876141817E+000                        0
  -2.6587051670E+000                        0
  -2.6297961523E+000                        0
  -2.6008871375E+000                        0
  -2.5719781228E+000                        0
  -2.5430691081E+000                        0
  -2.5141600934E+000                        0
  -2.4852510786E+000                        0
  -2.4563420639E+000                        0
  -2.4274330492E+000                        0
  -2.3985240345E+000                        0
  -2.3696150197E+000                        0
  -2.3407060050E+000                        0
  -2.3117969903E+000                        0
  -2.2828879755E+000                        0
  -2.2539789608E+000                        0
  -2.2250699461E+000                        0
  -2.1961609314E+000                        0
  -2.1672519166E+000                        0
  -2.1383429019E+000                        0
  -2.1094338872E+000                        0
  -2.0805248724E+000                        0
  -2.0516158577E+000                        0
  -2.0227068430E+000                        0
  -1.9937978283E+000                        0
  -1.9648888135E+000                        0
  -1.9359797988E+000                        0
  -1.9070707841E+000                        0
  -1.8781617693E+000                        0
  -1.8492527546E+000                        0
  -1.8203437399E+000                        0
  -1.7914347252E+000                        0
  -1.7625257104E+000                        0
  -1.7336166957E+000                        0
  -1.7047076810E+000                        0
  -1.6757986663E+000                        0
  -1.6468896515E+000                        0
  -1.6179806368E+000                        0
  -1.5890716221E+000                        0
  -1.5601626073E+000                        0
  -1.5312535926E+000                        0
  -1.5023445779E+000                        0
  -1.4734355632E+000                        0
  -1.4445265484E+000                        0
  -1.4156175337E+000                        0
  -1.3867085190E+000                        0
  -1.3577995042E+000                        0
  -1.3288904895E+000                        0
  -1.2999814748E+000                        0
  -1.2710724601E+000                        0
  -1.2421634453E+000                        0
  -1.2132544306E+000                        0
  -1.1843454159E+000                        0
  -1.1554364012E+000                        0
  -1.1265273864E+000                        0
  -1.0976183717E+000                        0
  -1.0687093570E+000                        0
  -1.0398003422E+000                        0
  -1.0108913275E+000                        0
  -9.8198231278E-001                        0
  -9.5307329806E-001                        0
  -9.2416428333E-001                        0
  -8.9525526860E-001                        0
  -8.6634625387E-001                        0
  -8.3743723915E-001                        0
  -8.0852822442E-001                        0
  -7.7961920969E-001                        0
  -7.5071019496E-001                        0
  -7.2180118023E-001                        0
  -6.9289216551E-001                        0
  -6.6398315078E-001                        0
  -6.3507413605E-001                        0
  -6.0616512132E-001                        0
  -5.7725610659E-001                        0
  -5.4834709187E-001                        0
  -5.1943807714E-001                        0
  -4.9052906241E-001                        0
  -4.6162004768E-001                        0
  -4.3271103296E-001                        0
  -4.0380201823E-001                        0
  -3.7489300350E-001                        0
  -3.4598398877E-001                        0
  -3.1707497404E-001                        0
  -2.8816595932E-001                        0
  -2.5925694459E-001                        0
  -2.3034792986E-001                        0
  -2.0143891513E-001                        0
  -1.7252990040E-001                        0
  -1.4362088568E-001                        0
  -1.1471187095E-001                        0
  -8.5802856221E-002                        0
  -5.6893841493E-002                        0
  -2.7984826765E-002                        0
   9.2418796311E-004                        0
   2.9833202691E-002                        0
   5.8742217419E-002                        0
   8.7651232147E-002                        0
   1.1656024687E-001                        0
   1.4546926160E-001                        0
