  -2.9010977681E+002                        0
  -2.8980915311E+002                        0
  -2.8950852942E+002                        0
  -2.8920790572E+002                        0
  -2.8890728202E+002                        0
  -2.8860665832E+002                        0
  -2.8830603462E+002                        0
  -2.8800541092E+002                        0
  -2.8770478722E+002                        0
  -2.8740416352E+002                        0
  -2.8710353983E+002                        0
  -2.8680291613E+002                        0
  -2.8650229243E+002                        0
  -2.8620166873E+002                        0
  -2.8590104503E+002                        0
  -2.8560042133E+002                        0
  -2.8529979763E+002                        0
  -2.8499917394E+002                        0
  -2.8469855024E+002                        0
  -2.8439792654E+002                        0
  -2.8409730284E+002                        0
  -2.8379667914E+002                        0
  -2.8349605544E+002                        0
  -2.8319543174E+002                        0
  -2.8289480804E+002                        0
  -2.8259418435E+002                        0
  -2.8229356065E+002                        0
  -2.8199293695E+002                        0
  -2.8169231325E+002                        0
  -2.8139168955E+002                        0
  -2.8109106585E+002                        0
  -2.8079044215E+002                        0
  -2.8048981846E+002                        0
  -2.8018919476E+002                        0
  -2.7988857106E+002                        0
  -2.7958794736E+002                        0
  -2.7928732366E+002                        0
  -2.7898669996E+002                        0
  -2.7868607626E+002                        0
  -2.7838545256E+002                        0
  -2.7808482887E+002                        0
  -2.7778420517E+002                        0
  -2.7748358147E+002                        0
  -2.7718295777E+002                        0
  -2.7688233407E+002                        0
  -2.7658171037E+002                        0
  -2.7628108667E+002                        0
  -2.7598046298E+002                        0
  -2.7567983928E+002                        0
  -2.7537921558E+002                        0
  -2.7507859188E+002                        0
  -2.7477796818E+002                        0
  -2.7447734448E+002                        0
  -2.7417672078E+002                        0
  -2.7387609709E+002                        0
  -2.7357547339E+002                        0
  -2.7327484969E+002                        0
  -2.7297422599E+002                        0
  -2.7267360229E+002                        0
  -2.7237297859E+002                        0
  -2.7207235489E+002                        0
  -2.7177173119E+002                        0
  -2.7147110750E+002                        0
  -2.7117048380E+002                        0
  -2.7086986010E+002                        0
  -2.7056923640E+002                        0
  -2.7026861270E+002                        0
  -2.6996798900E+002                        0
  -2.6966736530E+002                        0
  -2.6936674161E+002                        0
  -2.6906611791E+002                        0
  -2.6876549421E+002                        0
  -2.6846487051E+002                        0
  -2.6816424681E+002                        0
  -2.6786362311E+002                        0
  -2.6756299941E+002                        0
  -2.6726237571E+002                        0
  -2.6696175202E+002                        0
  -2.6666112832E+002                        0
  -2.6636050462E+002                        0
  -2.6605988092E+002                        0
  -2.6575925722E+002                        0
  -2.6545863352E+002                        0
  -2.6515800982E+002                        0
  -2.6485738613E+002                        0
  -2.6455676243E+002                        0
  -2.6425613873E+002                        0
  -2.6395551503E+002                        0
  -2.6365489133E+002                        0
  -2.6335426763E+002                        0
  -2.6305364393E+002                        0
  -2.6275302023E+002                        0
  -2.6245239654E+002                        0
  -2.6215177284E+002                        0
  -2.6185114914E+002                        0
  -2.6155052544E+002                        0
  -2.6124990174E+002                        0
  -2.6094927804E+002                        0
  -2.6064865434E+002                        0
  -2.6034803065E+002                        0
  -2.6004740695E+002                        0
  -2.5974678325E+002                        0
  -2.5944615955E+002                        0
  -2.5914553585E+002                        0
  -2.5884491215E+002                        0
  -2.5854428845E+002                        0
  -2.5824366476E+002                        0
  -2.5794304106E+002                        0
  -2.5764241736E+002                        0
  -2.5734179366E+002                        0
  -2.5704116996E+002                        0
  -2.5674054626E+002                        0
  -2.5643992256E+002                        0
  -2.5613929886E+002                        0
  -2.5583867517E+002                        0
  -2.5553805147E+002                        0
  -2.5523742777E+002                        0
  -2.5493680407E+002                        0
  -2.5463618037E+002                        0
  -2.5433555667E+002                        0
  -2.5403493297E+002                        0
  -2.5373430928E+002                        0
  -2.5343368558E+002                        0
  -2.5313306188E+002                        0
  -2.5283243818E+002                        0
  -2.5253181448E+002                        0
  -2.5223119078E+002                        0
  -2.5193056708E+002                        0
  -2.5162994338E+002                        0
  -2.5132931969E+002                        0
  -2.5102869599E+002                        0
  -2.5072807229E+002                        0
  -2.5042744859E+002                        0
  -2.5012682489E+002                        0
  -2.4982620119E+002                        0
  -2.4952557749E+002                        0
  -2.4922495380E+002                        0
  -2.4892433010E+002                        0
  -2.4862370640E+002                        0
  -2.4832308270E+002                        0
  -2.4802245900E+002                        0
  -2.4772183530E+002                        0
  -2.4742121160E+002                        0
  -2.4712058790E+002                        0
  -2.4681996421E+002                        0
  -2.4651934051E+002                        0
  -2.4621871681E+002                        0
  -2.4591809311E+002                        0
  -2.4561746941E+002                        0
  -2.4531684571E+002                        0
  -2.4501622201E+002                        0
  -2.4471559832E+002                        0
  -2.4441497462E+002                        0
  -2.4411435092E+002                        0
  -2.4381372722E+002                        0
  -2.4351310352E+002                        0
  -2.4321247982E+002                        0
  -2.4291185612E+002                        0
  -2.4261123243E+002                        0
  -2.4231060873E+002                        0
  -2.4200998503E+002                        0
  -2.4170936133E+002                        0
  -2.4140873763E+002                        0
  -2.4110811393E+002                        0
  -2.4080749023E+002                        0
  -2.4050686653E+002                        0
  -2.4020624284E+002                        0
  -2.3990561914E+002                        0
  -2.3960499544E+002                        0
  -2.3930437174E+002                        0
  -2.3900374804E+002                        0
  -2.3870312434E+002                        0
  -2.3840250064E+002                        0
  -2.3810187695E+002                        0
  -2.3780125325E+002                        0
  -2.3750062955E+002                        0
  -2.3720000585E+002                        0
  -2.3689938215E+002                        0
  -2.3659875845E+002                        0
  -2.3629813475E+002                        0
  -2.3599751105E+002                        0
  -2.3569688736E+002                        0
  -2.3539626366E+002                        0
  -2.3509563996E+002                        0
  -2.3479501626E+002                        0
  -2.3449439256E+002                        0
  -2.3419376886E+002                        0
  -2.3389314516E+002                        0
  -2.3359252147E+002                        0
  -2.3329189777E+002                        0
  -2.3299127407E+002                        0
  -2.3269065037E+002                        0
  -2.3239002667E+002                        0
  -2.3208940297E+002                        0
  -2.3178877927E+002                        0
  -2.3148815558E+002                        0
  -2.3118753188E+002                        0
  -2.3088690818E+002                        0
  -2.3058628448E+002                        0
  -2.3028566078E+002                        0
  -2.2998503708E+002                        0
  -2.2968441338E+002                        0
  -2.2938378968E+002                        0
  -2.2908316599E+002                        0
  -2.2878254229E+002                        0
  -2.2848191859E+002                        0
  -2.2818129489E+002                        0
  -2.2788067119E+002                        0
  -2.2758004749E+002                        0
  -2.2727942379E+002                        0
  -2.2697880010E+002                        0
  -2.2667817640E+002                        0
  -2.2637755270E+002                        0
  -2.2607692900E+002                        0
  -2.2577630530E+002                        0
  -2.2547568160E+002                        0
  -2.2517505790E+002                        0
  -2.2487443420E+002                        0
  -2.2457381051E+002                        0
  -2.2427318681E+002                        0
  -2.2397256311E+002                        0
  -2.2367193941E+002                        0
  -2.2337131571E+002                        0
  -2.2307069201E+002                        0
  -2.2277006831E+002                        0
  -2.2246944462E+002                        0
  -2.2216882092E+002                        0
  -2.2186819722E+002                        0
  -2.2156757352E+002                        0
  -2.2126694982E+002                        0
  -2.2096632612E+002                        0
  -2.2066570242E+002                        0
  -2.2036507872E+002                        0
  -2.2006445503E+002                        0
  -2.1976383133E+002                        0
  -2.1946320763E+002                        0
  -2.1916258393E+002                        0
  -2.1886196023E+002                        0
  -2.1856133653E+002                        0
  -2.1826071283E+002                        0
  -2.1796008914E+002                        0
  -2.1765946544E+002                        0
  -2.1735884174E+002                        0
  -2.1705821804E+002                        0
  -2.1675759434E+002                        0
  -2.1645697064E+002                        0
  -2.1615634694E+002                        0
  -2.1585572325E+002                        0
  -2.1555509955E+002                        0
  -2.1525447585E+002                        0
  -2.1495385215E+002                        0
  -2.1465322845E+002                        0
  -2.1435260475E+002                        0
  -2.1405198105E+002                        0
  -2.1375135735E+002                        0
  -2.1345073366E+002                        0
  -2.1315010996E+002                        0
  -2.1284948626E+002                        0
  -2.1254886256E+002                        0
  -2.1224823886E+002                        0
  -2.1194761516E+002                        0
  -2.1164699146E+002                        0
  -2.1134636777E+002                        0
  -2.1104574407E+002                        0
  -2.1074512037E+002                        0
  -2.1044449667E+002                        0
  -2.1014387297E+002                        0
  -2.0984324927E+002                        0
  -2.0954262557E+002                        0
  -2.0924200187E+002                        0
  -2.0894137818E+002                        0
  -2.0864075448E+002                        0
  -2.0834013078E+002                        0
  -2.0803950708E+002                        0
  -2.0773888338E+002                        0
  -2.0743825968E+002                        0
  -2.0713763598E+002                        0
  -2.0683701229E+002                        0
  -2.0653638859E+002                        0
  -2.0623576489E+002                        0
  -2.0593514119E+002                        0
  -2.0563451749E+002                        0
  -2.0533389379E+002                        0
  -2.0503327009E+002                        0
  -2.0473264639E+002                        0
  -2.0443202270E+002                        0
  -2.0413139900E+002                        0
  -2.0383077530E+002                        0
  -2.0353015160E+002                        0
  -2.0322952790E+002                        0
  -2.0292890420E+002                        0
  -2.0262828050E+002                        0
  -2.0232765681E+002                        0
  -2.0202703311E+002                        0
  -2.0172640941E+002                        0
  -2.0142578571E+002                        0
  -2.0112516201E+002                        0
  -2.0082453831E+002                        0
  -2.0052391461E+002                        0
  -2.0022329092E+002                        0
  -1.9992266722E+002                        0
  -1.9962204352E+002                        0
  -1.9932141982E+002                        0
  -1.9902079612E+002                        0
  -1.9872017242E+002                        0
  -1.9841954872E+002                        0
  -1.9811892502E+002                        0
  -1.9781830133E+002                        0
  -1.9751767763E+002                        0
  -1.9721705393E+002                        0
  -1.9691643023E+002                        0
  -1.9661580653E+002                        0
  -1.9631518283E+002                        0
  -1.9601455913E+002                        0
  -1.9571393544E+002                        0
  -1.9541331174E+002                        0
  -1.9511268804E+002                        0
  -1.9481206434E+002                        0
  -1.9451144064E+002                        0
  -1.9421081694E+002                        0
  -1.9391019324E+002                        0
  -1.9360956954E+002                        0
  -1.9330894585E+002                        0
  -1.9300832215E+002                        0
  -1.9270769845E+002                        0
  -1.9240707475E+002                        0
  -1.9210645105E+002                        0
  -1.9180582735E+002                        0
  -1.9150520365E+002                        0
  -1.9120457996E+002                        0
  -1.9090395626E+002                        0
  -1.9060333256E+002                        0
  -1.9030270886E+002                        0
  -1.9000208516E+002                        0
  -1.8970146146E+002                        0
  -1.8940083776E+002                        0
  -1.8910021406E+002                        0
  -1.8879959037E+002                        0
  -1.8849896667E+002                        0
  -1.8819834297E+002                        0
  -1.8789771927E+002                        0
  -1.8759709557E+002                        0
  -1.8729647187E+002                        0
  -1.8699584817E+002                        0
  -1.8669522448E+002                        0
  -1.8639460078E+002                        0
  -1.8609397708E+002                        0
  -1.8579335338E+002                        0
  -1.8549272968E+002                        0
  -1.8519210598E+002                        0
  -1.8489148228E+002                        0
  -1.8459085859E+002                        0
  -1.8429023489E+002                        0
  -1.8398961119E+002                        0
  -1.8368898749E+002                        0
  -1.8338836379E+002                        0
  -1.8308774009E+002                        0
  -1.8278711639E+002                        0
  -1.8248649269E+002                        0
  -1.8218586900E+002                        0
  -1.8188524530E+002                        0
  -1.8158462160E+002                        0
  -1.8128399790E+002                        0
  -1.8098337420E+002                        0
  -1.8068275050E+002                        0
  -1.8038212680E+002                        0
  -1.8008150311E+002                        0
  -1.7978087941E+002                        0
  -1.7948025571E+002                        0
  -1.7917963201E+002                        0
  -1.7887900831E+002                        0
  -1.7857838461E+002                        0
  -1.7827776091E+002                        0
  -1.7797713721E+002                        0
  -1.7767651352E+002                        0
  -1.7737588982E+002                        0
  -1.7707526612E+002                        0
  -1.7677464242E+002                        0
  -1.7647401872E+002                        0
  -1.7617339502E+002                        0
  -1.7587277132E+002                        0
  -1.7557214763E+002                        0
  -1.7527152393E+002                        1
  -1.7497090023E+002                        0
  -1.7467027653E+002                        1
  -1.7436965283E+002                        0
  -1.7406902913E+002                        0
  -1.7376840543E+002                        0
  -1.7346778173E+002                        0
  -1.7316715804E+002                        1
  -1.7286653434E+002                        0
  -1.7256591064E+002                        2
  -1.7226528694E+002                        0
  -1.7196466324E+002                        1
  -1.7166403954E+002                        2
  -1.7136341584E+002                        0
  -1.7106279215E+002                        1
  -1.7076216845E+002                        1
  -1.7046154475E+002                        2
  -1.7016092105E+002                        0
  -1.6986029735E+002                        2
  -1.6955967365E+002                        4
  -1.6925904995E+002                        1
  -1.6895842626E+002                        1
  -1.6865780256E+002                        3
  -1.6835717886E+002                        8
  -1.6805655516E+002                        5
  -1.6775593146E+002                        6
  -1.6745530776E+002                        7
  -1.6715468406E+002                       15
  -1.6685406036E+002                       13
  -1.6655343667E+002                       12
  -1.6625281297E+002                       14
  -1.6595218927E+002                       15
  -1.6565156557E+002                       21
  -1.6535094187E+002                       27
  -1.6505031817E+002                       29
  -1.6474969447E+002                       34
  -1.6444907078E+002                       34
  -1.6414844708E+002                       32
  -1.6384782338E+002                       44
  -1.6354719968E+002                       51
  -1.6324657598E+002                       49
  -1.6294595228E+002                       46
  -1.6264532858E+002                       56
  -1.6234470488E+002                       69
  -1.6204408119E+002                       87
  -1.6174345749E+002                       94
  -1.6144283379E+002                       83
  -1.6114221009E+002                      110
  -1.6084158639E+002                      119
  -1.6054096269E+002                      129
  -1.6024033899E+002                      118
  -1.5993971530E+002                      122
  -1.5963909160E+002                      127
  -1.5933846790E+002                      154
  -1.5903784420E+002                      168
  -1.5873722050E+002                      155
  -1.5843659680E+002                      135
  -1.5813597310E+002                      177
  -1.5783534941E+002                      183
  -1.5753472571E+002                      182
  -1.5723410201E+002                      201
  -1.5693347831E+002                      207
  -1.5663285461E+002                      208
  -1.5633223091E+002                      202
  -1.5603160721E+002                      233
  -1.5573098351E+002                      244
  -1.5543035982E+002                      229
  -1.5512973612E+002                      227
  -1.5482911242E+002                      226
  -1.5452848872E+002                      274
  -1.5422786502E+002                      238
  -1.5392724132E+002                      242
  -1.5362661762E+002                      221
  -1.5332599393E+002                      241
  -1.5302537023E+002                      247
  -1.5272474653E+002                      211
  -1.5242412283E+002                      219
  -1.5212349913E+002                      224
  -1.5182287543E+002                      211
  -1.5152225173E+002                      200
  -1.5122162803E+002                      180
  -1.5092100434E+002                      174
  -1.5062038064E+002                      197
  -1.5031975694E+002                      170
  -1.5001913324E+002                      159
  -1.4971850954E+002                      141
  -1.4941788584E+002                      155
  -1.4911726214E+002                      149
  -1.4881663845E+002                      114
  -1.4851601475E+002                      126
  -1.4821539105E+002                      120
  -1.4791476735E+002                      105
  -1.4761414365E+002                       89
  -1.4731351995E+002                       83
  -1.4701289625E+002                       90
  -1.4671227255E+002                       73
  -1.4641164886E+002                       59
  -1.4611102516E+002                       67
  -1.4581040146E+002                       58
  -1.4550977776E+002                       52
  -1.4520915406E+002                       58
  -1.4490853036E+002                       48
  -1.4460790666E+002                       41
  -1.4430728297E+002                       34
  -1.4400665927E+002                       23
  -1.4370603557E+002                       26
  -1.4340541187E+002                       23
  -1.4310478817E+002                       19
  -1.4280416447E+002                       19
  -1.4250354077E+002                       13
  -1.4220291708E+002                       15
  -1.4190229338E+002                        9
  -1.4160166968E+002                       14
  -1.4130104598E+002                        9
  -1.4100042228E+002                        6
  -1.4069979858E+002                        6
  -1.4039917488E+002                        4
  -1.4009855118E+002                        2
  -1.3979792749E+002                        6
