2000000 200                         !MC Steps and number of checkpoints
400000  100                          !Equilibration (approx 20%) and number of checkpoints
10.0 25.0 30                         !T initial,T final, Number of Trajectories
-1                                  !Seed for the Random Number generator (integer),based on the clock system <=0
LookUpTable_MP2_00.25_43.80.txt     !Name of the Potential Energy
no restart_ne923_70             !restart
18.62                               !Sphere radius for BC (Req=3.130 Angstrom)
923                                 !Number of Molecules
-1                                  !Saves configuration (integer), Yes: >0 / No: <=0
1.0  5.0                            !Max. displacement (Angstrom) and Max. Rotation angle (degrees)
-------------------------           !blank line
System1          1                  !Name and number of atoms
10	  0.000000000000000	  0.000000000000000	 -0.000000000000000
System2		 1
10	 -0.000005577025976	  0.000005577025976	  2.826464649542937
System3		 1
10	  0.781213067578311	 -2.404331187913949	  1.264041302899303
System4		 1
10	 -2.045251581964626	 -1.485959532005740	  1.264032937360339
System5		 1
10	 -2.045251581964626	  1.485962320518728	  1.264027360334364
System6		 1
10	  0.781213067578311	  2.404336764939925	  1.264030148847352
System7		 1
10	  2.528065874720679	  0.000002788512988	  1.264038514386315
System8		 1
10	 -0.781213067578311	 -2.404336764939925	 -1.264030148847352
System9		 1
10	 -2.528065874720679	 -0.000002788512988	 -1.264038514386315
System10	 1
10	 -0.781213067578311	  2.404331187913949	 -1.264041302899303
System11	 1
10	  2.045251581964626	  1.485959532005740	 -1.264032937360339
System12	 1
10	  2.045251581964626	 -1.485962320518728	 -1.264027360334364
System13	 1
10	  0.000005577025976	 -0.000005577025976	 -2.826464649542937
System14	 1
10	  0.799040031109184	  2.459234220130336	  4.183879309838028
System15	 1
10	  2.585774151002771	  0.000011154051951	  4.183887675376992
System16	 1
10	  0.799042819622172	 -2.459214700539421	  4.183890463889980
System17	 1
10	 -2.091950808970966	 -1.519876215476099	  4.183882098351017
System18	 1
10	 -2.091950808970966	  1.519892946554026	  4.183873732812054
System19	 1
10	  3.384825336163906	  2.459231431617348	  2.585782516541734
System20	 1
10	  3.384828124676893	 -2.459217489052409	  2.585793670593685
System21	 1
10	 -1.292894046783855	 -3.979104858580459	  2.585788093567710
System22	 1
10	 -4.183887675376992	  0.000002788512988	  2.585774151002771
System23	 1
10	 -1.292899623809830	  3.979113224119422	  2.585771362489783
System24	 1
10	  2.890990840080150	  3.979110435606434	 -0.000002788512988
System25	 1
10	 -0.000002788512988	  4.918448920669756	 -0.000011154051951
System26	 1
10	  4.677722171460748	  1.519887369528050	  0.000005577025976
System27	 1
10	  4.677724959973736	 -1.519881792502074	  0.000013942564939
System28	 1
10	  2.890993628593137	 -3.979107647093446	  0.000013942564939
System29	 1
10	  0.000002788512988	 -4.918448920669756	  0.000011154051951
System30	 1
10	 -2.890990840080150	 -3.979110435606434	  0.000002788512988
System31	 1
10	 -4.677722171460748	 -1.519887369528050	 -0.000005577025976
System32	 1
10	 -4.677724959973736	  1.519881792502074	 -0.000013942564939
System33	 1
10	 -2.890993628593137	  3.979107647093446	 -0.000013942564939
System34	 1
10	  4.183887675376992	 -0.000002788512988	 -2.585774151002771
System35	 1
10	  1.292899623809830	 -3.979113224119422	 -2.585771362489783
System36	 1
10	 -3.384825336163906	 -2.459231431617348	 -2.585782516541734
System37	 1
10	 -3.384828124676893	  2.459217489052409	 -2.585793670593685
System38	 1
10	  1.292894046783855	  3.979104858580459	 -2.585788093567710
System39	 1
10	  2.091950808970966	  1.519876215476099	 -4.183882098351017
System40	 1
10	  2.091950808970966	 -1.519892946554026	 -4.183873732812054
System41	 1
10	 -0.799040031109184	 -2.459234220130336	 -4.183879309838028
System42	 1
10	 -2.585774151002771	 -0.000011154051951	 -4.183887675376992
System43	 1
10	 -0.799042819622172	  2.459214700539421	 -4.183890463889980
System44	 1
10	 -0.000011154051951	  0.000013942564939	  5.713412145790807
System45	 1
10	  1.579140482005371	  4.860127171530353	  2.555108873676162
System46	 1
10	  5.110226112891287	  0.000008365538963	  2.555125604754088
System47	 1
10	  1.579146059031347	 -4.860113228965414	  2.555131181780064
System48	 1
10	 -4.134268875272448	 -3.003716477611126	  2.555114450702137
System49	 1
10	 -4.134271663785436	  3.003722054637102	  2.555100508137199
System50	 1
10	  4.134268875272448	  3.003716477611126	 -2.555114450702137
System51	 1
10	  4.134271663785436	 -3.003722054637102	 -2.555100508137199
System52	 1
10	 -1.579140482005371	 -4.860127171530353	 -2.555108873676162
System53	 1
10	 -5.110226112891287	 -0.000008365538963	 -2.555125604754088
System54	 1
10	 -1.579146059031347	  4.860113228965414	 -2.555131181780064
System55	 1
10	  0.000011154051951	 -0.000013942564939	 -5.713412145790807
System56	 1
10	  0.807282875501060	  2.484631996423029	  7.126396292906364
System57	 1
10	  2.612463008808806	  0.000016731077927	  7.126404658445328
System58	 1
10	  0.807285664014047	 -2.484598534267175	  7.126407446958315
System59	 1
10	 -2.113553419087292	 -1.535561601032357	  7.126399081419351
System60	 1
10	 -2.113556207600279	  1.535592274675223	  7.126390715880388
System61	 1
10	  1.608637372390100	  4.950937885490373	  5.523687299128282
System62	 1
10	  5.205696432053886	  0.000013942564939	  5.523706818719197
System63	 1
10	  1.608642949416076	 -4.950910000360495	  5.523709607232184
System64	 1
10	 -4.211516262059908	 -3.059829724464209	  5.523692876154258
System65	 1
10	 -4.211521839085885	  3.059849244055123	  5.523678933589318
System66	 1
10	  3.441468400484666	  2.500395460342945	  5.568434567043176
System67	 1
10	  3.441471188997653	 -2.500367575213067	  5.568445721095127
System68	 1
10	 -1.314538484594997	 -4.045691760215639	  5.568440144069151
System69	 1
10	 -4.253915602039093	  0.000011154051951	  5.568426201504212
System70	 1
10	 -1.314544061620973	  4.045716856832530	  5.568420624478237
System71	 1
10	  4.221119900789820	  4.950935096977385	  3.909090874483297
System72	 1
10	  6.013001615658847	 -2.484604111293151	  3.909113182587200
System73	 1
10	 -0.504893738593289	 -6.486491120983767	  3.909107605561224
System74	 1
10	 -6.325055738582262	 -1.524256969379900	  3.909085297457322
System75	 1
10	 -3.404216655480923	  5.544461720887237	  3.909074143405371
System76	 1
10	  6.013001615658847	  2.484626419397053	  3.909102028535248
System77	 1
10	  4.221125477815797	 -4.950912788873483	  3.909113182587200
System78	 1
10	 -3.404211078454948	 -5.544447778322298	  3.909099240022261
System79	 1
10	 -6.325055738582262	  1.524268123431851	  3.909076931918359
System80	 1
10	 -0.504899315619264	  6.486507852061694	  3.909079720431346
System81	 1
10	  3.722188002964404	  6.486505063548705	  1.296608346083577
System82	 1
10	  0.801346131350078	  7.435541996783524	  1.296599980544613
System83	 1
10	  7.319247062628190	  1.535583909136259	  1.296627865674491
System84	 1
10	  7.319247062628190	 -1.535569966571320	  1.296633442700467
System85	 1
10	  3.722193579990380	 -6.486496698009742	  1.296636231213455
System86	 1
10	  0.801351708376053	 -7.435536419757550	  1.296633442700467
System87	 1
10	 -5.018807503099932	 -5.544453355348274	  1.296616711622540
System88	 1
10	 -6.823987636407678	 -3.059838090003172	  1.296608346083577
System89	 1
10	 -6.823990424920667	  3.059838090003172	  1.296594403518638
System90	 1
10	 -5.018813080125907	  5.544456143861262	  1.296591615005650
System91	 1
10	  5.018807503099932	  5.544453355348274	 -1.296616711622540
System92	 1
10	 -0.801351708376053	  7.435536419757550	 -1.296633442700467
System93	 1
10	  6.823987636407678	  3.059840878516159	 -1.296608346083577
System94	 1
10	  6.823990424920667	 -3.059838090003172	 -1.296594403518638
System95	 1
10	  5.018813080125907	 -5.544456143861262	 -1.296591615005650
System96	 1
10	 -0.801346131350078	 -7.435541996783524	 -1.296599980544613
System97	 1
10	 -3.722188002964404	 -6.486505063548705	 -1.296608346083577
System98	 1
10	 -7.319247062628190	 -1.535583909136259	 -1.296627865674491
System99	 1
10	 -7.319247062628190	  1.535569966571320	 -1.296633442700467
System100	 1
10	 -3.722193579990380	  6.486496698009742	 -1.296636231213455
System101	 1
10	  2.126952223993571	  6.546084432045598	 -1.314538484594997
System102	 1
10	  6.882964686099210	  0.000000000000000	 -1.314513387978107
System103	 1
10	  2.126957801019547	 -6.546087220558585	 -1.314510599465120
System104	 1
10	 -5.568428990017200	 -4.045708491293567	 -1.314530119056034
System105	 1
10	 -5.568431778530187	  4.045697337241616	 -1.314549638646949
System106	 1
10	  5.568428990017200	  4.045708491293567	  1.314532907569022
System107	 1
10	  5.568431778530187	 -4.045697337241616	  1.314549638646949
System108	 1
10	 -2.126952223993571	 -6.546084432045598	  1.314538484594997
System109	 1
10	 -6.882964686099210	 -0.000000000000000	  1.314513387978107
System110	 1
10	 -2.126957801019547	  6.546087220558585	  1.314510599465120
System111	 1
10	  6.325055738582262	  1.524256969379900	 -3.909085297457322
System112	 1
10	  3.404216655480923	 -5.544461720887237	 -3.909074143405371
System113	 1
10	 -4.221119900789820	 -4.950935096977385	 -3.909090874483297
System114	 1
10	 -6.013001615658847	  2.484604111293151	 -3.909113182587200
System115	 1
10	  0.504893738593289	  6.486491120983767	 -3.909107605561224
System116	 1
10	  6.325055738582262	 -1.524268123431851	 -3.909076931918359
System117	 1
10	  0.504899315619264	 -6.486507852061694	 -3.909079720431346
System118	 1
10	 -6.013001615658847	 -2.484626419397053	 -3.909102028535248
System119	 1
10	 -4.221125477815797	  4.950912788873483	 -3.909113182587200
System120	 1
10	  3.404211078454948	  5.544447778322298	 -3.909099240022261
System121	 1
10	  2.113553419087292	  1.535561601032357	 -7.126399081419351
System122	 1
10	  2.113556207600279	 -1.535592274675223	 -7.126390715880388
System123	 1
10	 -0.807282875501060	 -2.484631996423029	 -7.126396292906364
System124	 1
10	 -2.612463008808806	 -0.000016731077927	 -7.126404658445328
System125	 1
10	 -0.807285664014047	  2.484598534267175	 -7.126407446958315
System126	 1
10	  4.211516262059908	  3.059829724464209	 -5.523692876154258
System127	 1
10	  4.211521839085885	 -3.059849244055123	 -5.523678933589318
System128	 1
10	 -1.608637372390100	 -4.950937885490373	 -5.523687299128282
System129	 1
10	 -5.205696432053886	 -0.000013942564939	 -5.523706818719197
System130	 1
10	 -1.608642949416076	  4.950910000360495	 -5.523709607232184
System131	 1
10	  4.253915602039093	 -0.000011154051951	 -5.568426201504212
System132	 1
10	  1.314541273107985	 -4.045716856832530	 -5.568420624478237
System133	 1
10	 -3.441468400484666	 -2.500395460342945	 -5.568434567043176
System134	 1
10	 -3.441471188997653	  2.500367575213067	 -5.568445721095127
System135	 1
10	  1.314538484594997	  4.045691760215639	 -5.568440144069151
System136	 1
10	 -0.000019519590914	  0.000019519590914	  8.648291391785614
System137	 1
10	  2.390316121637371	  7.356685638002115	  3.867622897842032
System138	 1
10	  7.735256949736015	  0.000011154051951	  3.867650782971910
System139	 1
10	  2.390324487176335	 -7.356666118411199	  3.867653571484897
System140	 1
10	 -6.257966904609281	 -4.546670426574087	  3.867631263380995
System141	 1
10	 -6.257972481635257	  4.546681580626037	  3.867608955277093
System142	 1
10	  6.257966904609281	  4.546670426574087	 -3.867631263380995
System143	 1
10	  6.257972481635257	 -4.546681580626037	 -3.867608955277093
System144	 1
10	 -2.390316121637371	 -7.356685638002115	 -3.867622897842032
System145	 1
10	 -7.735256949736015	 -0.000013942564939	 -3.867650782971910
System146	 1
10	 -2.390324487176335	  7.356666118411199	 -3.867653571484897
System147	 1
10	  0.000019519590914	 -0.000019519590914	 -8.648291391785614
System148	 1
10	  0.812419316424549	  2.500462384654652	  10.095906081696402
System149	 1
10	  2.629096488780909	  0.000025096616890	  10.095917235748352
System150	 1
10	  0.812422104937537	 -2.500417768446848	  10.095920024261341
System151	 1
10	 -2.127021936818266	 -1.545335339054523	  10.095911658722377
System152	 1
10	 -2.127021936818266	  1.545377166749340	  10.095903293183415
System153	 1
10	  1.624261410660628	  4.999048100068528	  8.504847495181261
System154	 1
10	  5.256271692113239	  0.000022308103902	  8.504867014772175
System155	 1
10	  1.624266987686603	 -4.999009060886700	  8.504869803285164
System156	 1
10	 -4.252443267181546	 -3.089552484400948	  8.504853072207236
System157	 1
10	 -4.252446055694533	  3.089585946556801	  8.504839129642299
System158	 1
10	  3.471857615025485	  2.522486060232132	  8.553169636746489
System159	 1
10	  3.471860403538472	 -2.522444232537316	  8.553180790798441
System160	 1
10	 -1.326155429702086	 -4.081418188615068	  8.553175213772464
System161	 1
10	 -4.291493603062406	  0.000016731077927	  8.553158482694538
System162	 1
10	 -1.326158218215074	  4.081454439283909	  8.553155694181550
System163	 1
10	  2.427088242407216	  7.469879745715038	  6.866571018244056
System164	 1
10	  7.854265107028458	  0.000019519590914	  6.866598903373933
System165	 1
10	  2.427096607946179	 -7.469849072072173	  6.866604480399908
System166	 1
10	 -6.354259835103274	 -4.616617486359541	  6.866579383783018
System167	 1
10	 -6.354262623616262	  4.616642582976431	  6.866559864192105
System168	 1
10	  4.283225662053641	  5.019613383353400	  6.930430754177188
System169	 1
10	  6.097501924727523	 -2.522447021050303	  6.930453062281090
System170	 1
10	 -0.514784594160942	 -6.578551088762310	  6.930447485255115
System171	 1
10	 -6.415676833659113	 -1.543299724573445	  6.930425177151213
System172	 1
10	 -3.450341448811780	  5.624762529396317	  6.930414023099262
System173	 1
10	  6.097499136214536	  2.522486060232132	  6.930441908229139
System174	 1
10	  4.283231239079616	 -5.019579921197547	  6.930453062281090
System175	 1
10	 -3.450335871785804	 -5.624734644266439	  6.930439119716151
System176	 1
10	 -6.415676833659113	  1.543324821190335	  6.930416811612250
System177	 1
10	 -0.514790171186917	  6.578581762405177	  6.930419600125236
System178	 1
10	  5.056209827805016	  7.469879745715038	  5.241693346213128
System179	 1
10	  8.666712308582884	 -2.500423345472823	  5.241724019855995
System180	 1
10	  0.300099767744804	 -9.015209507743586	  5.241721231343006
System181	 1
10	 -8.481256675304648	 -3.071265416227091	  5.241687769187153
System182	 1
10	 -5.541818210574823	  7.117079871014194	  5.241671038109226
System183	 1
10	  6.880558199390755	  4.999042523042553	  5.256294000217141
System184	 1
10	  6.880563776416732	 -4.999014637912675	  5.256316308321043
System185	 1
10	 -2.628151182878052	 -8.088586641904538	  5.256302365756104
System186	 1
10	 -8.504867014772175	  0.000008365538963	  5.256271692113239
System187	 1
10	 -2.628159548417015	  8.088608950008439	  5.256266115087262
System188	 1
10	  8.666709520069897	  2.500454019115689	  5.241712865804043
System189	 1
10	  5.056215404830990	 -7.469849072072173	  5.241726808368982
System190	 1
10	 -5.541812633548847	 -7.117060351423278	  5.241704500265080
System191	 1
10	 -8.481259463817638	  3.071282147305018	  5.241673826622214
System192	 1
10	  0.300088613692853	  9.015231815847487	  5.241679403648190
System193	 1
10	  4.554096236660542	  9.015229027334501	  2.612571760815329
System194	 1
10	  1.614654983417728	  9.970311456726824	  2.612563395276366
System195	 1
10	  9.981275889794773	  1.545366012697389	  2.612599645945207
System196	 1
10	  9.981275889794773	 -1.545346493106474	  2.612605222971183
System197	 1
10	  4.554104602199505	 -9.015212296256573	  2.612610799997158
System198	 1
10	  1.614663348956692	 -9.970297514161885	  2.612608011484171
System199	 1
10	 -7.166690305579773	 -7.117065928449255	  2.612582914867280
System200	 1
10	 -8.983367477936135	 -4.616628640411492	  2.612571760815329
System201	 1
10	 -8.983373054962110	  4.616631428924480	  2.612552241224415
System202	 1
10	 -7.166698671118737	  7.117071505475230	  2.612549452711427
System203	 1
10	  5.876707466355161	  8.088600584469475	 -0.000005577025976
System204	 1
10	 -0.000005577025976	  9.998057160955227	 -0.000022308103902
System205	 1
10	  9.508717747807772	  3.089574792504850	  0.000013942564939
System206	 1
10	  9.508720536320759	 -3.089566426965886	  0.000027885129878
System207	 1
10	  5.876715831894124	 -8.088595007443502	  0.000030673642866
System208	 1
10	  0.000005577025976	 -9.998057160955227	  0.000022308103902
System209	 1
10	 -5.876707466355161	 -8.088600584469475	  0.000005577025976
System210	 1
10	 -9.508717747807772	 -3.089574792504850	 -0.000013942564939
System211	 1
10	 -9.508720536320759	  3.089566426965886	 -0.000027885129878
System212	 1
10	 -5.876715831894124	  8.088595007443502	 -0.000030673642866
System213	 1
10	  2.957100905994420	  9.101034360481455	 -0.013334669107560
System214	 1
10	  9.569393001908860	  0.000005577025976	 -0.013301206951707
System215	 1
10	  2.957109271533384	 -9.101031571968468	 -0.013292841412744
System216	 1
10	 -7.741798801205344	 -5.624751375344366	 -0.013323515055609
System217	 1
10	 -7.741804378231320	  5.624743009805402	 -0.013348611672499
System218	 1
10	  7.166690305579773	  7.117068716962242	 -2.612582914867280
System219	 1
10	 -1.614663348956692	  9.970297514161885	 -2.612608011484171
System220	 1
10	  8.983367477936135	  4.616628640411492	 -2.612571760815329
System221	 1
10	  8.983373054962110	 -4.616631428924480	 -2.612552241224415
System222	 1
10	  7.166698671118737	 -7.117071505475230	 -2.612549452711427
System223	 1
10	 -1.614654983417728	 -9.970311456726824	 -2.612563395276366
System224	 1
10	 -4.554096236660542	 -9.015229027334501	 -2.612571760815329
System225	 1
10	 -9.981275889794773	 -1.545368801210377	 -2.612599645945207
System226	 1
10	 -9.981275889794773	  1.545346493106474	 -2.612605222971183
System227	 1
10	 -4.554104602199505	  9.015212296256573	 -2.612610799997158
System228	 1
10	  4.269924455101934	  8.147209550446622	 -2.638967824757648
System229	 1
10	  9.067945865368467	  1.543310878625396	 -2.638942728140758
System230	 1
10	  4.269932820640897	 -8.147217915985584	 -2.638931574088807
System231	 1
10	 -6.428972463584843	 -6.578576185379202	 -2.638956670705696
System232	 1
10	 -8.243248726258726	  4.081426554154031	 -2.638984555835574
System233	 1
10	  1.334373177477071	  9.101028783455479	 -2.638976190296611
System234	 1
10	  9.067945865368467	 -1.543313667138384	 -2.638934362601794
System235	 1
10	  1.334381543016035	 -9.101037148994443	 -2.638934362601794
System236	 1
10	 -8.243245937745739	 -4.081446073744946	 -2.638965036244660
System237	 1
10	 -6.428980829123807	  6.578556665788287	 -2.638987344348562
System238	 1
10	  7.741798801205344	  5.624751375344366	  0.013323515055609
System239	 1
10	  7.741804378231320	 -5.624743009805402	  0.013348611672499
System240	 1
10	 -2.957100905994420	 -9.101034360481455	  0.013334669107560
System241	 1
10	 -9.569393001908860	 -0.000005577025976	  0.013301206951707
System242	 1
10	 -2.957109271533384	  9.101031571968468	  0.013292841412744
System243	 1
10	  6.428972463584843	  6.578576185379202	  2.638956670705696
System244	 1
10	  8.243248726258726	 -4.081426554154031	  2.638984555835574
System245	 1
10	 -1.334373177477071	 -9.101028783455479	  2.638976190296611
System246	 1
10	 -9.067945865368467	 -1.543310878625396	  2.638942728140758
System247	 1
10	 -4.269932820640897	  8.147217915985584	  2.638931574088807
System248	 1
10	  8.243245937745739	  4.081446073744946	  2.638965036244660
System249	 1
10	  6.428980829123807	 -6.578556665788287	  2.638987344348562
System250	 1
10	 -4.269924455101934	 -8.147209550446622	  2.638967824757648
System251	 1
10	 -9.067945865368467	  1.543313667138384	  2.638934362601794
System252	 1
10	 -1.334381543016035	  9.101037148994443	  2.638934362601794
System253	 1
10	  8.481256675304648	  3.071265416227091	 -5.241687769187153
System254	 1
10	  5.541818210574823	 -7.117079871014194	 -5.241671038109226
System255	 1
10	 -5.056209827805016	 -7.469879745715038	 -5.241693346213128
System256	 1
10	 -8.666712308582884	  2.500423345472823	 -5.241724019855995
System257	 1
10	 -0.300099767744804	  9.015209507743586	 -5.241721231343006
System258	 1
10	  8.504867014772175	 -0.000008365538963	 -5.256271692113239
System259	 1
10	  2.628159548417015	 -8.088608950008439	 -5.256266115087262
System260	 1
10	 -6.880558199390755	 -4.999045311555540	 -5.256294000217141
System261	 1
10	 -6.880563776416732	  4.999014637912675	 -5.256316308321043
System262	 1
10	  2.628151182878052	  8.088589430417526	 -5.256302365756104
System263	 1
10	  8.481259463817638	 -3.071282147305018	 -5.241673826622214
System264	 1
10	 -0.300088613692853	 -9.015231815847487	 -5.241679403648190
System265	 1
10	 -8.666709520069897	 -2.500456807628677	 -5.241712865804043
System266	 1
10	 -5.056215404830990	  7.469849072072173	 -5.241726808368982
System267	 1
10	  5.541812633548847	  7.117060351423278	 -5.241704500265080
System268	 1
10	  2.127021936818266	  1.545335339054523	 -10.095911658722377
System269	 1
10	  2.127021936818266	 -1.545377166749340	 -10.095903293183415
System270	 1
10	 -0.812419316424549	 -2.500462384654652	 -10.095906081696402
System271	 1
10	 -2.629096488780909	 -0.000025096616890	 -10.095917235748352
System272	 1
10	 -0.812422104937537	  2.500417768446848	 -10.095920024261341
System273	 1
10	  4.252443267181546	  3.089552484400948	 -8.504853072207236
System274	 1
10	  4.252446055694533	 -3.089585946556801	 -8.504839129642299
System275	 1
10	 -1.624261410660628	 -4.999048100068528	 -8.504847495181261
System276	 1
10	 -5.256271692113239	 -0.000022308103902	 -8.504867014772175
System277	 1
10	 -1.624266987686603	  4.999009060886700	 -8.504869803285164
System278	 1
10	  4.291493603062406	 -0.000016731077927	 -8.553158482694538
System279	 1
10	  1.326158218215074	 -4.081454439283909	 -8.553155694181550
System280	 1
10	 -3.471857615025485	 -2.522488848745120	 -8.553169636746489
System281	 1
10	 -3.471860403538472	  2.522444232537316	 -8.553180790798441
System282	 1
10	  1.326155429702086	  4.081418188615068	 -8.553175213772464
System283	 1
10	  6.354259835103274	  4.616617486359541	 -6.866579383783018
System284	 1
10	  6.354262623616262	 -4.616642582976431	 -6.866559864192105
System285	 1
10	 -2.427088242407216	 -7.469882534228026	 -6.866571018244056
System286	 1
10	 -7.854265107028458	 -0.000019519590914	 -6.866598903373933
System287	 1
10	 -2.427096607946179	  7.469849072072173	 -6.866604480399908
System288	 1
10	  6.415676833659113	  1.543299724573445	 -6.930425177151213
System289	 1
10	  3.450341448811780	 -5.624762529396317	 -6.930414023099262
System290	 1
10	 -4.283225662053641	 -5.019613383353400	 -6.930430754177188
System291	 1
10	 -6.097501924727523	  2.522447021050303	 -6.930453062281090
System292	 1
10	  0.514784594160942	  6.578551088762310	 -6.930447485255115
System293	 1
10	  6.415676833659113	 -1.543324821190335	 -6.930416811612250
System294	 1
10	  0.514790171186917	 -6.578581762405177	 -6.930419600125236
System295	 1
10	 -6.097499136214536	 -2.522486060232132	 -6.930441908229139
System296	 1
10	 -4.283231239079616	  5.019579921197547	 -6.930455850794078
System297	 1
10	  3.450335871785804	  5.624734644266439	 -6.930439119716151
System298	 1
10	 -0.000025096616890	  0.000025096616890	  11.621649328498787
System299	 1
10	  3.212129938317748	  9.885978458437416	  5.197344835655487
System300	 1
10	  10.394709190901889	  0.000016731077927	  5.197381086324328
System301	 1
10	  3.212138303856712	 -9.885953361820526	  5.197389451863292
System302	 1
10	 -8.409513813155066	 -6.109855037263385	  5.197355989707438
System303	 1
10	 -8.409519390181039	  6.109871768341312	  5.197328104577561
System304	 1
10	  8.409513813155066	  6.109855037263385	 -5.197355989707438
System305	 1
10	  8.409519390181039	 -6.109868979828325	 -5.197328104577561
System306	 1
10	 -3.212129938317748	 -9.885978458437416	 -5.197344835655487
System307	 1
10	 -10.394709190901889	 -0.000016731077927	 -5.197381086324328
System308	 1
10	 -3.212138303856712	  9.885953361820526	 -5.197389451863292
System309	 1
10	  0.000025096616890	 -0.000025096616890	 -11.621649328498787
System310	 1
10	  0.816286983938599	  2.512388854703383	  13.094606024442513
System311	 1
10	  2.641622489122014	  0.000030673642866	  13.094617178494465
System312	 1
10	  0.816286983938599	 -2.512327507417652	  13.094617178494465
System313	 1
10	 -2.137166547067806	 -1.552694224829273	  13.094608812955501
System314	 1
10	 -2.137169335580794	  1.552752783602016	  13.094603235929526
System315	 1
10	  1.634506407377729	  5.030597336012263	  11.506642687343810
System316	 1
10	  5.289432688563910	  0.000027885129878	  11.506662206934724
System317	 1
10	  1.634509195890716	 -5.030544354265495	  11.506664995447711
System318	 1
10	 -4.279282704688920	 -3.109041401672537	  11.506648264369781
System319	 1
10	 -4.279285493201908	  3.109088806393329	  11.506634321804844
System320	 1
10	  3.492205394297309	  2.537281910145289	  11.553754614272339
System321	 1
10	  3.492208182810298	 -2.537226139885534	  11.553765768324290
System322	 1
10	 -1.333935380937990	 -4.105338053024238	  11.553760191298316
System323	 1
10	 -4.316657144264126	  0.000025096616890	  11.553743460220389
System324	 1
10	 -1.333940957963966	  4.105388246258018	  11.553740671707400
System325	 1
10	  2.449351730101646	  7.538424183467639	  9.876952041895974
System326	 1
10	  7.926323071145661	  0.000025096616890	  9.876979927025854
System327	 1
10	  2.449357307127621	 -7.538379567259835	  9.876985504051827
System328	 1
10	 -6.412567641677739	 -4.658969421617932	  9.876963195947924
System329	 1
10	 -6.412570430190725	  4.659008460799762	  9.876940887844022
System330	 1
10	  4.319495850485685	  5.062422634741788	  9.949985985558900
System331	 1
10	  6.149410093995034	 -2.543715009608096	  9.950005505149816
System332	 1
10	 -0.518978517694562	 -6.634494236323139	  9.950002716636826
System333	 1
10	 -6.470186685544220	 -1.556595354499176	  9.949977620019938
System334	 1
10	 -3.479843916222484	  5.672493506208134	  9.949966465967986
System335	 1
10	  6.149407305482046	  2.543765202841876	  9.949994351097864
System336	 1
10	  4.319501427511661	 -5.062372441508008	  9.950008293662803
System337	 1
10	 -3.479838339196509	 -5.672451678513317	  9.949994351097864
System338	 1
10	 -6.470189474057209	  1.556634393681005	  9.949969254480974
System339	 1
10	 -0.518986883233525	  6.634536064017955	  9.949972042993963
System340	 1
10	  3.254172348634496	  10.015398923226227	  8.218835295050718
System341	 1
10	  10.530777470653566	  0.000022308103902	  8.218874334232549
System342	 1
10	  3.254180714173460	 -10.015359884044397	  8.218879911258524
System343	 1
10	 -8.519604305912591	 -6.189829589752894	  8.218846449102669
System344	 1
10	 -8.519612671451553	  6.189860263395761	  8.218818563972791
System345	 1
10	  5.123814536680736	  7.558841675564161	  8.290536329505487
System346	 1
10	  8.772201754910574	 -2.537231716911509	  8.290564214635365
System347	 1
10	  0.297679338471412	 -9.126911761008046	  8.290561426122377
System348	 1
10	 -8.588249130132752	 -3.103483895287893	  8.290530752479512
System349	 1
10	 -5.605535732345579	  7.208877718571887	  8.290514021401584
System350	 1
10	  6.967771731596541	  5.062419846228800	  8.313268287381863
System351	 1
10	  6.967777308622516	 -5.062375230020995	  8.313290595485766
System352	 1
10	 -2.661473913082014	 -8.191111898926216	  8.313279441433814
System353	 1
10	 -8.612682080931673	  0.000013942564939	  8.313245979277962
System354	 1
10	 -2.661482278620977	  8.191148149595058	  8.313240402251985
System355	 1
10	  8.772198966397587	  2.537276333119314	  8.290553060583413
System356	 1
10	  5.123822902219699	 -7.558799847869342	  8.290569791661339
System357	 1
10	 -5.605527366806616	 -7.208847044929021	  8.290544695044451
System358	 1
10	 -8.588251918645739	  3.103514568930759	  8.290516809914571
System359	 1
10	  0.297670972932448	  9.126948011676888	  8.290522386940548
System360	 1
10	  5.895825511399376	  10.015396134713239	  6.586211133939742
System361	 1
10	  11.347095128235029	 -2.512338661469604	  6.586250173121569
System362	 1
10	  1.117044840748519	 -11.568087571029524	  6.586250173121569
System363	 1
10	 -10.656742967850519	 -4.637113056819719	  6.586211133939742
System364	 1
10	 -7.703295013870087	  8.702215655943290	  6.586186037322851
System365	 1
10	  7.738815092308420	  7.538421394954651	  6.607900187958688
System366	 1
10	  9.560865729192232	 -5.030552719804458	  6.607930861601553
System367	 1
10	 -1.829894723918434	 -10.647451642575238	  6.607919707549602
System368	 1
10	 -10.691822461236780	 -1.549914077380457	  6.607880668367773
System369	 1
10	 -4.778033349170132	  9.689572334656171	  6.607869514315822
System370	 1
10	  9.560860152166256	  5.030591758986287	  6.607908553497652
System371	 1
10	  7.738820669334397	 -7.538382355772823	  6.607933650114542
System372	 1
10	 -4.778024983631169	 -9.689547238039282	  6.607914130523627
System373	 1
10	 -10.691822461236780	  1.549933596971371	  6.607875091341797
System374	 1
10	 -1.829903089457397	  10.647479527705114	  6.607872302828810
System375	 1
10	  11.347092339722042	  2.512377700651433	  6.586239019069619
System376	 1
10	  5.895836665451326	 -10.015362672557385	  6.586255750147545
System377	 1
10	 -7.703286648331125	 -8.702193347839387	  6.586225076504680
System378	 1
10	 -10.656745756363506	  4.637132576410633	  6.586188825835838
System379	 1
10	  1.117033686696568	  11.568118244672389	  6.586197191374802
System380	 1
10	  5.391319376111388	  11.568115456159401	  3.944557971174862
System381	 1
10	  2.437865845104983	  12.527748738747780	  3.944549605635898
System382	 1
10	  12.667924498130457	  1.552738841037078	  3.944594221843702
System383	 1
10	  12.667927286643446	 -1.552708167394212	  3.944602587382666
System384	 1
10	  5.391330530163340	 -11.568090359542513	  3.944608164408641
System385	 1
10	  2.437876999156934	 -12.527729219156866	  3.944605375895653
System386	 1
10	 -9.335910809442103	 -8.702198924865364	  3.944571913739801
System387	 1
10	 -11.161246314625519	 -6.189840743804846	  3.944563548200838
System388	 1
10	 -11.161251891651494	  6.189849109343809	  3.944532874557972
System389	 1
10	 -9.335919174981067	  8.702207290404328	  3.944532874557972
System390	 1
10	  6.728628857764591	  10.647473950679140	  1.318434037238925
System391	 1
10	  0.814834168671966	  12.568976903272100	  1.318417306160998
System392	 1
10	  12.205600198808607	  3.109072075315402	  1.318461922368803
System393	 1
10	  12.205602987321594	 -3.109055344237476	  1.318475864933742
System394	 1
10	  6.728637223303553	 -10.647460008114201	  1.318481441959717
System395	 1
10	  0.814848111236905	 -12.568971326246123	  1.318473076420754
System396	 1
10	 -8.047076837568454	 -9.689561180604221	  1.318450768316852
System397	 1
10	 -11.702005907267624	 -4.658991729721835	  1.318431248725937
System398	 1
10	 -11.702008695780611	  4.658986152695860	  1.318408940622035
System399	 1
10	 -8.047087991620407	  9.689561180604221	  1.318406152109047
System400	 1
10	  3.789915406411587	  11.664188094127361	  1.306064193625136
System401	 1
10	  12.264446188389712	  0.000008365538963	  1.306106021319953
System402	 1
10	  3.789926560463538	 -11.664179728588399	  1.306114386858916
System403	 1
10	 -9.922145471888912	 -7.208863776006948	  1.306075347677087
System404	 1
10	 -9.922153837427876	  7.208860987493958	  1.306044674034222
System405	 1
10	  8.047076837568454	  9.689561180604221	 -1.318447979803864
System406	 1
10	 -0.814848111236905	  12.568971326246123	 -1.318473076420754
System407	 1
10	  11.702005907267624	  4.658991729721835	 -1.318431248725937
System408	 1
10	  11.702008695780611	 -4.658986152695860	 -1.318408940622035
System409	 1
10	  8.047087991620407	 -9.689558392091232	 -1.318406152109047
System410	 1
10	 -0.814834168671966	 -12.568976903272100	 -1.318417306160998
System411	 1
10	 -6.728628857764591	 -10.647473950679140	 -1.318434037238925
System412	 1
10	 -12.205600198808607	 -3.109072075315402	 -1.318461922368803
System413	 1
10	 -12.205602987321594	  3.109055344237476	 -1.318475864933742
System414	 1
10	 -6.728637223303553	  10.647460008114201	 -1.318481441959717
System415	 1
10	  5.124690129758898	  10.734871524742118	 -1.337337366783081
System416	 1
10	  11.793087106987459	  1.556617662603078	 -1.337301116114239
System417	 1
10	  5.124701283810850	 -10.734871524742118	 -1.337289962062288
System418	 1
10	 -8.625843862233992	 -8.191136995543108	 -1.337323424218142
System419	 1
10	 -10.455763682769316	  5.672465621078256	 -1.337359674886983
System420	 1
10	  2.163833096769940	  11.696911294038951	 -1.337345732322044
System421	 1
10	  11.793089895500444	 -1.556612085577103	 -1.337295539088264
System422	 1
10	  2.163844250821891	 -11.696914082551938	 -1.337292750575276
System423	 1
10	 -10.455758105743341	 -5.672482352156183	 -1.337331789757105
System424	 1
10	 -8.625852227772954	  8.191123052978167	 -1.337359674886983
System425	 1
10	  9.335910809442103	  8.702198924865364	 -3.944571913739801
System426	 1
10	 -2.437876999156934	  12.527729219156866	 -3.944605375895653
System427	 1
10	  11.161246314625519	  6.189840743804846	 -3.944560759687849
System428	 1
10	  11.161251891651494	 -6.189849109343809	 -3.944535663070959
System429	 1
10	  9.335919174981067	 -8.702207290404328	 -3.944532874557972
System430	 1
10	 -2.437865845104983	 -12.527748738747780	 -3.944549605635898
System431	 1
10	 -5.391319376111388	 -11.568115456159401	 -3.944557971174862
System432	 1
10	 -12.667924498130457	 -1.552738841037078	 -3.944594221843702
System433	 1
10	 -12.667927286643446	  1.552708167394212	 -3.944602587382666
System434	 1
10	 -5.391330530163340	  11.568090359542513	 -3.944608164408641
System435	 1
10	  6.429920558000688	  9.746109435483397	 -3.973915435910202
System436	 1
10	  11.256066910261964	  3.103495049339844	 -3.973890339293311
System437	 1
10	  6.429928923539652	 -9.746120589535348	 -3.973870819702398
System438	 1
10	 -7.282140320299811	 -9.126942434650914	 -3.973901493345263
System439	 1
10	 -10.930527538529649	  4.105349207076189	 -3.973940532527092
System440	 1
10	  3.487975220094849	  10.734863159203154	 -3.985613247893935
System441	 1
10	  11.287320563828995	 -0.000002788512988	 -3.985571420199119
System442	 1
10	  3.487983585633812	 -10.734877101768094	 -3.985565843173143
System443	 1
10	 -9.131615982418429	 -6.634527698478992	 -3.985599305328997
System444	 1
10	 -9.131621559444406	  6.634502601862102	 -3.985629978971863
System445	 1
10	  0.526713852722661	  11.664174151562422	 -3.973932166988129
System446	 1
10	  11.256069698774951	 -3.103503414878807	 -3.973876396728373
System447	 1
10	  0.526725006774613	 -11.664190882640348	 -3.973879185241361
System448	 1
10	 -10.930524750016662	 -4.105377092206067	 -3.973921012936177
System449	 1
10	 -7.282148685838775	  9.126917338034023	 -3.973943321040079
System450	 1
10	  9.922145471888912	  7.208863776006948	 -1.306075347677087
System451	 1
10	  9.922153837427876	 -7.208860987493958	 -1.306044674034222
System452	 1
10	 -3.789915406411587	 -11.664188094127361	 -1.306061405112148
System453	 1
10	 -12.264446188389712	 -0.000008365538963	 -1.306106021319953
System454	 1
10	 -3.789926560463538	  11.664179728588399	 -1.306114386858916
System455	 1
10	  8.625843862233992	  8.191136995543108	  1.337323424218142
System456	 1
10	  10.455763682769316	 -5.672465621078256	  1.337356886373995
System457	 1
10	 -2.163833096769940	 -11.696911294038951	  1.337345732322044
System458	 1
10	 -11.793087106987459	 -1.556617662603078	  1.337301116114239
System459	 1
10	 -5.124701283810850	  10.734871524742118	  1.337287173549301
System460	 1
10	  10.455758105743341	  5.672482352156183	  1.337331789757105
System461	 1
10	  8.625852227772954	 -8.191123052978167	  1.337359674886983
System462	 1
10	 -5.124690129758898	 -10.734871524742118	  1.337337366783081
System463	 1
10	 -11.793089895500444	  1.556612085577103	  1.337295539088264
System464	 1
10	 -2.163844250821891	  11.696914082551938	  1.337292750575276
System465	 1
10	  7.282140320299811	  9.126942434650914	  3.973901493345263
System466	 1
10	  10.930527538529649	 -4.105349207076189	  3.973940532527092
System467	 1
10	 -0.526713852722661	 -11.664174151562422	  3.973932166988129
System468	 1
10	 -11.256066910261964	 -3.103495049339844	  3.973890339293311
System469	 1
10	 -6.429931712052640	  9.746120589535348	  3.973870819702398
System470	 1
10	  9.131615982418429	  6.634527698478992	  3.985599305328997
System471	 1
10	  9.131621559444406	 -6.634502601862102	  3.985629978971863
System472	 1
10	 -3.487975220094849	 -10.734863159203154	  3.985613247893935
System473	 1
10	 -11.287320563828995	  0.000002788512988	  3.985571420199119
System474	 1
10	 -3.487983585633812	  10.734877101768094	  3.985563054660156
System475	 1
10	  10.930524750016662	  4.105377092206067	  3.973921012936177
System476	 1
10	  7.282148685838775	 -9.126917338034023	  3.973943321040079
System477	 1
10	 -6.429920558000688	 -9.746109435483397	  3.973915435910202
System478	 1
10	 -11.256069698774951	  3.103503414878807	  3.973876396728373
System479	 1
10	 -0.526725006774613	  11.664190882640348	  3.973879185241361
System480	 1
10	  10.656742967850519	  4.637113056819719	 -6.586208345426753
System481	 1
10	  7.703295013870087	 -8.702215655943290	 -6.586186037322851
System482	 1
10	 -5.895825511399376	 -10.015398923226227	 -6.586211133939742
System483	 1
10	 -11.347095128235029	  2.512338661469604	 -6.586252961634557
System484	 1
10	 -1.117044840748519	  11.568087571029524	 -6.586250173121569
System485	 1
10	  10.691822461236780	  1.549914077380457	 -6.607880668367773
System486	 1
10	  4.778033349170132	 -9.689572334656171	 -6.607869514315822
System487	 1
10	 -7.738815092308420	 -7.538421394954651	 -6.607900187958688
System488	 1
10	 -9.560865729192232	  5.030552719804458	 -6.607933650114542
System489	 1
10	  1.829894723918434	  10.647451642575238	 -6.607919707549602
System490	 1
10	  10.691822461236780	 -1.549933596971371	 -6.607875091341797
System491	 1
10	  1.829903089457397	 -10.647479527705114	 -6.607872302828810
System492	 1
10	 -9.560860152166256	 -5.030591758986287	 -6.607908553497652
System493	 1
10	 -7.738820669334397	  7.538382355772823	 -6.607933650114542
System494	 1
10	  4.778024983631169	  9.689547238039282	 -6.607911342010639
System495	 1
10	  10.656745756363506	 -4.637132576410633	 -6.586188825835838
System496	 1
10	 -1.117033686696568	 -11.568118244672389	 -6.586197191374802
System497	 1
10	 -11.347092339722042	 -2.512380489164420	 -6.586239019069619
System498	 1
10	 -5.895833876938339	  10.015362672557385	 -6.586255750147545
System499	 1
10	  7.703286648331125	  8.702193347839387	 -6.586225076504680
System500	 1
10	  2.137166547067806	  1.552694224829273	 -13.094608812955501
System501	 1
10	  2.137169335580794	 -1.552749995089029	 -13.094603235929526
System502	 1
10	 -0.816286983938599	 -2.512388854703383	 -13.094606024442513
System503	 1
10	 -2.641622489122014	 -0.000030673642866	 -13.094617178494465
System504	 1
10	 -0.816286983938599	  2.512327507417652	 -13.094617178494465
System505	 1
10	  4.279282704688920	  3.109041401672537	 -11.506648264369781
System506	 1
10	  4.279285493201908	 -3.109088806393329	 -11.506634321804844
System507	 1
10	 -1.634506407377729	 -5.030600124525250	 -11.506642687343810
System508	 1
10	 -5.289432688563910	 -0.000027885129878	 -11.506662206934724
System509	 1
10	 -1.634509195890716	  5.030544354265495	 -11.506664995447711
System510	 1
10	  4.316657144264126	 -0.000025096616890	 -11.553743460220389
System511	 1
10	  1.333940957963966	 -4.105388246258018	 -11.553740671707400
System512	 1
10	 -3.492205394297309	 -2.537281910145289	 -11.553754614272339
System513	 1
10	 -3.492208182810298	  2.537226139885534	 -11.553765768324290
System514	 1
10	  1.333935380937990	  4.105338053024238	 -11.553760191298316
System515	 1
10	  6.412567641677739	  4.658969421617932	 -9.876960407434938
System516	 1
10	  6.412570430190725	 -4.659008460799762	 -9.876940887844022
System517	 1
10	 -2.449351730101646	 -7.538426971980627	 -9.876952041895974
System518	 1
10	 -7.926323071145661	 -0.000025096616890	 -9.876979927025854
System519	 1
10	 -2.449357307127621	  7.538379567259835	 -9.876985504051827
System520	 1
10	  6.470186685544220	  1.556595354499176	 -9.949977620019938
System521	 1
10	  3.479843916222484	 -5.672493506208134	 -9.949966465967986
System522	 1
10	 -4.319495850485685	 -5.062422634741788	 -9.949985985558900
System523	 1
10	 -6.149410093995034	  2.543715009608096	 -9.950005505149816
System524	 1
10	  0.518978517694562	  6.634494236323139	 -9.950002716636826
System525	 1
10	  6.470189474057209	 -1.556634393681005	 -9.949972042993963
System526	 1
10	  0.518986883233525	 -6.634536064017955	 -9.949972042993963
System527	 1
10	 -6.149407305482046	 -2.543765202841876	 -9.949994351097864
System528	 1
10	 -4.319501427511661	  5.062372441508008	 -9.950008293662803
System529	 1
10	  3.479838339196509	  5.672454467026306	 -9.949994351097864
System530	 1
10	  8.519604305912591	  6.189832378265882	 -8.218846449102669
System531	 1
10	  8.519612671451553	 -6.189860263395761	 -8.218818563972791
System532	 1
10	 -3.254172348634496	 -10.015398923226227	 -8.218835295050718
System533	 1
10	 -10.530777470653566	 -0.000025096616890	 -8.218874334232549
System534	 1
10	 -3.254180714173460	  10.015359884044397	 -8.218879911258524
System535	 1
10	  8.588249130132752	  3.103483895287893	 -8.290530752479512
System536	 1
10	  5.605535732345579	 -7.208877718571887	 -8.290514021401584
System537	 1
10	 -5.123814536680736	 -7.558841675564161	 -8.290533540992499
System538	 1
10	 -8.772201754910574	  2.537228928398521	 -8.290564214635365
System539	 1
10	 -0.297679338471412	  9.126911761008046	 -8.290561426122377
System540	 1
10	  8.612682080931673	 -0.000013942564939	 -8.313245979277962
System541	 1
10	  2.661482278620977	 -8.191148149595058	 -8.313240402251985
System542	 1
10	 -6.967771731596541	 -5.062419846228800	 -8.313268287381863
System543	 1
10	 -6.967777308622516	  5.062375230020995	 -8.313290595485766
System544	 1
10	  2.661473913082014	  8.191114687439205	 -8.313276652920827
System545	 1
10	  8.588251918645739	 -3.103514568930759	 -8.290516809914571
System546	 1
10	 -0.297670972932448	 -9.126948011676888	 -8.290522386940548
System547	 1
10	 -8.772198966397587	 -2.537276333119314	 -8.290553060583413
System548	 1
10	 -5.123822902219699	  7.558799847869342	 -8.290569791661339
System549	 1
10	  5.605527366806616	  7.208847044929021	 -8.290544695044451
System550	 1
10	 -0.000030673642866	  0.000033462155853	  14.635761382528358
System551	 1
10	  4.045203770442778	  12.449938072336790	  6.545292494357067
System552	 1
10	  13.090610085331026	  0.000019519590914	  6.545339899077860
System553	 1
10	  4.045217713007717	 -12.449904610180937	  6.545348264616823
System554	 1
10	 -10.590546458033625	 -7.694466581750779	  6.545306436922007
System555	 1
10	 -10.590554823572589	  7.694486101341695	  6.545272974766154
System556	 1
10	  10.590546458033625	  7.694466581750779	 -6.545306436922007
System557	 1
10	  10.590554823572589	 -7.694483312828706	 -6.545272974766154
System558	 1
10	 -4.045206558955766	 -12.449938072336790	 -6.545292494357067
System559	 1
10	 -13.090610085331026	 -0.000022308103902	 -6.545339899077860
System560	 1
10	 -4.045217713007717	  12.449904610180937	 -6.545348264616823
System561	 1
10	  0.000030673642866	 -0.000033462155853	 -14.635761382528358
System562	 1
10	  0.822036897719400	  2.530115431766697	  16.144642491293641
System563	 1
10	  2.660246967367391	  0.000036250668841	  16.144653645345592
System564	 1
10	  0.822039686232387	 -2.530040141916027	  16.144653645345592
System565	 1
10	 -2.152246825305717	 -1.563639138306307	  16.144645279806628
System566	 1
10	 -2.152246825305717	  1.563708851131001	  16.144639702780655
System567	 1
10	  1.645448532341774	  5.064302092495550	  14.550399422946457
System568	 1
10	  5.324857957560657	  0.000036250668841	  14.550418942537370
System569	 1
10	  1.645451320854763	 -5.064235168183844	  14.550421731050360
System570	 1
10	 -4.307954195229268	 -3.129860439639296	  14.550404999972432
System571	 1
10	 -4.307956983742255	  3.129921786925028	  14.550391057407495
System572	 1
10	  3.511401517705182	  2.551241206162112	  14.591298542938214
System573	 1
10	  3.511404306218170	 -2.551171493337418	  14.591309696990168
System574	 1
10	 -1.341277535634813	 -4.127905488634336	  14.591304119964192
System575	 1
10	 -4.340401332355067	  0.000030673642866	  14.591287388886265
System576	 1
10	 -1.341280324147800	  4.127969624433054	  14.591284600373276
System577	 1
10	  2.468018036041840	  7.595906590197721	  12.922864298038176
System578	 1
10	  7.986750147590838	  0.000033462155853	  12.922892183168056
System579	 1
10	  2.468026401580804	 -7.595845242911991	  12.922897760194029
System580	 1
10	 -6.461464216918447	 -4.694483923030289	  12.922872663577140
System581	 1
10	 -6.461467005431436	  4.694536904777057	  12.922853143986227
System582	 1
10	  4.348867257785964	  5.098282911764629	  12.995672372149093
System583	 1
10	  6.192581852071831	 -2.560568782106234	  12.995691891740007
System584	 1
10	 -0.521677798266732	 -6.680758455303384	  12.995686314714032
System585	 1
10	 -6.515034339926675	 -1.568326628638764	  12.995664006610129
System586	 1
10	 -3.504870820287803	  5.711518745472105	  12.995652852558178
System587	 1
10	  6.192579063558846	  2.560632917904953	  12.995680737688058
System588	 1
10	  4.348870046298952	 -5.098218775965909	  12.995694680252996
System589	 1
10	 -3.504865243261827	 -5.711462975212349	  12.995677949175070
System590	 1
10	 -6.515034339926675	  1.568379610385531	  12.995655641071167
System591	 1
10	 -0.521686163805695	  6.680817014076127	  12.995658429584156
System592	 1
10	  3.285724373091218	  10.112533984642530	  11.269847741447569
System593	 1
10	  10.632892816266043	  0.000030673642866	  11.269886780629399
System594	 1
10	  3.285732738630182	 -10.112478214382774	  11.269895146168361
System595	 1
10	 -8.602230734253478	 -6.249849543301854	  11.269861684012508
System596	 1
10	 -8.602239099792442	  6.249894159509659	  11.269831010369643
System597	 1
10	  5.171367048661335	  7.629667116940765	  11.350672790398351
System598	 1
10	  8.854242595524029	 -2.560571570619222	  11.350703464041217
System599	 1
10	  0.300824781121627	 -9.212151026018484	  11.350700675528230
System600	 1
10	 -8.668357531245675	 -3.132816263406343	  11.350667213372375
System601	 1
10	 -5.658196800119790	  7.276000014700721	  11.350650482294450
System602	 1
10	  7.032387154549362	  5.109378404943003	  11.378688980386569
System603	 1
10	  7.032392731575337	 -5.109319846170259	  11.378714077003460
System604	 1
10	 -2.686163407075812	 -8.267076569739300	  11.378700134438519
System605	 1
10	 -8.692567401005574	  0.000022308103902	  11.378669460795654
System606	 1
10	 -2.686171772614775	  8.267123974460093	  11.378661095256691
System607	 1
10	  8.854239807011039	  2.560630129391965	  11.350692309989265
System608	 1
10	  5.171372625687312	 -7.629611346681010	  11.350706252554204
System609	 1
10	 -5.658188434580826	 -7.275952609979930	  11.350683944450303
System610	 1
10	 -8.668360319758662	  3.132860879614147	  11.350653270807435
System611	 1
10	  0.300813627069676	  9.212201219252265	  11.350658847833412
System612	 1
10	  4.094602278021288	  12.601995685560391	  9.599514519202852
System613	 1
10	  13.250475534920412	  0.000027885129878	  9.599561923923645
System614	 1
10	  4.094613432073239	 -12.601948280839601	  9.599570289462607
System615	 1
10	 -10.719894421484755	 -7.788431103899978	  9.599528461767791
System616	 1
10	 -10.719902787023718	  7.788464566055830	  9.599492211098950
System617	 1
10	  5.973981953420854	  10.130254984679867	  9.666137671506874
System618	 1
10	  11.480472492953499	 -2.551179858876381	  9.666176710688703
System619	 1
10	  1.121311265619821	 -11.706938786743006	  9.666176710688703
System620	 1
10	 -10.787490764821511	 -4.684077192559897	  9.666134882993887
System621	 1
10	 -7.788375333640222	  8.812049605505939	  9.666109786376996
System622	 1
10	  7.839614259790665	  7.629664328427777	  9.701613133737402
System623	 1
10	  9.678780789393466	 -5.098224352991886	  9.701643807380268
System624	 1
10	 -1.857827258517019	 -10.780508328300114	  9.701632653328316
System625	 1
10	 -10.827009570884321	 -1.564467326663677	  9.701593614146489
System626	 1
10	 -4.833661394763340	  9.813647220047411	  9.701579671581550
System627	 1
10	  9.678775212367491	  5.098277334738653	  9.701621499276364
System628	 1
10	  7.839619836816641	 -7.629614135193997	  9.701646595893257
System629	 1
10	 -4.833653029224378	 -9.813605392352592	  9.701624287789354
System630	 1
10	 -10.827009570884321	  1.564500788819531	  9.701585248607524
System631	 1
10	 -1.857835624055982	  10.780550155994929	  9.701585248607524
System632	 1
10	  11.480469704440512	  2.551232840623149	  9.666165556636752
System633	 1
10	  5.973993107472805	 -10.130204791446086	  9.666182287714680
System634	 1
10	 -7.788366968101259	 -8.812013354837099	  9.666151614071813
System635	 1
10	 -10.787496341847488	  4.684110654715751	  9.666112574889985
System636	 1
10	  1.121300111567870	  11.706983402950810	  9.666123728941935
System637	 1
10	  6.754888284570508	  12.601992897047404	  7.955376587965334
System638	 1
10	  14.072554260334629	 -2.530054084480966	  7.955423992686127
System639	 1
10	  1.942405645949352	 -14.165626458327736	  7.955423992686127
System640	 1
10	 -12.872104996121632	 -6.224761291950805	  7.955376587965334
System641	 1
10	 -9.897826850122490	  10.318538170127711	  7.955345914322468
System642	 1
10	  8.610618581320718	  10.112528407616553	  7.978897695017252
System643	 1
10	  12.278383176302635	 -5.064246322235795	  7.978939522712068
System644	 1
10	 -1.022182417417256	 -13.242377693203901	  7.978931157173106
System645	 1
10	 -12.910151467326891	 -3.119969584071644	  7.978883752452314
System646	 1
10	 -6.956754316781825	  11.314157212823382	  7.978861444348412
System647	 1
10	  10.454807222814507	  7.595898224658758	  7.986783609746692
System648	 1
10	  10.454812799840482	 -7.595853608450953	  7.986817071902545
System649	 1
10	 -3.993398776155815	 -12.290370993637096	  7.986797552311629
System650	 1
10	 -12.922894971681041	  0.000011154051951	  7.986750147590838
System651	 1
10	 -3.993412718720755	  12.290401667279964	  7.986741782051876
System652	 1
10	  12.278380387789644	  5.064293726956588	  7.978917214608167
System653	 1
10	  8.610626946859680	 -10.112483791408749	  7.978942311225057
System654	 1
10	 -6.956740374216885	 -11.314126539180517	  7.978914426095179
System655	 1
10	 -12.910154255839878	  3.119994680688534	  7.978869809887374
System656	 1
10	 -1.022196359982195	  13.242413943872741	  7.978869809887374
System657	 1
10	  14.072551471821638	  2.530101489201757	  7.955412838634175
System658	 1
10	  6.754899438622459	 -12.601951069352589	  7.955432358225090
System659	 1
10	 -9.897815696070539	 -10.318510284997833	  7.955390530530273
System660	 1
10	 -12.872110573147603	  6.224783600054708	  7.955348702835456
System661	 1
10	  1.942391703384413	  14.165665497509565	  7.955362645400394
System662	 1
10	  6.246824006710114	  14.165659920483590	  5.295090581416114
System663	 1
10	  3.272537495172010	  15.132063712606296	  5.295082215877151
System664	 1
10	  15.402697263609237	  1.563692120053074	  5.295137986136906
System665	 1
10	  15.402700052122224	 -1.563655869384233	  5.295143563162881
System666	 1
10	  6.246837949275053	 -14.165632035353712	  5.295151928701845
System667	 1
10	  3.272554226249937	 -15.132035827476422	  5.295149140188856
System668	 1
10	 -11.541956415821046	 -10.318518650536795	  5.295107312494041
System669	 1
10	 -13.380166485469035	 -7.788442257951929	  5.295098946955076
System670	 1
10	 -13.380174851008000	  7.788453412003879	  5.295062696286235
System671	 1
10	 -11.541964781360008	  10.318529804588747	  5.295059907773249
System672	 1
10	  7.593664625755547	  13.242405578333777	  2.654000698274766
System673	 1
10	  1.640259109671517	  15.176783095391313	  2.653983967196839
System674	 1
10	  14.940835857443357	  3.129905055847101	  2.654039737456594
System675	 1
10	  14.940838645956346	 -3.129877170717223	  2.654053680021534
System676	 1
10	  7.593678568320485	 -13.242386058742863	  2.654059257047510
System677	 1
10	  1.640273052236456	 -15.176769152826372	  2.654053680021534
System678	 1
10	 -10.247693209160191	 -11.314140481745454	  2.654020217865680
System679	 1
10	 -13.927102634379075	 -6.249871851405758	  2.654000698274766
System680	 1
10	 -13.927108211405047	  6.249871851405758	  2.653970024631900
System681	 1
10	 -10.247704363212142	  11.314143270258443	  2.653967236118913
System682	 1
10	  4.632746245480856	  14.258174415879141	  2.643259346245840
System683	 1
10	  14.991918626866484	  0.000013942564939	  2.643312327992608
System684	 1
10	  4.632760188045796	 -14.258160473314204	  2.643323482044559
System685	 1
10	 -12.128723684248520	 -8.812032874428013	  2.643276077323767
System686	 1
10	 -12.128732049787484	  8.812032874428013	  2.643234249628950
System687	 1
10	  8.929482252960288	  12.290390513228010	 -0.000008365538963
System688	 1
10	 -0.000008365538963	  15.191751833109711	 -0.000033462155853
System689	 1
10	  14.448214364509287	  4.694517385186143	  0.000019519590914
System690	 1
10	  14.448217153022274	 -4.694503442621204	  0.000041827694817
System691	 1
10	  8.929493407012240	 -12.290382147689048	  0.000047404720792
System692	 1
10	  0.000008365538963	 -15.191751833109711	  0.000033462155853
System693	 1
10	 -8.929482252960288	 -12.290390513228010	  0.000008365538963
System694	 1
10	 -14.448214364509287	 -4.694517385186143	 -0.000019519590914
System695	 1
10	 -14.448217153022274	  4.694503442621204	 -0.000041827694817
System696	 1
10	 -8.929493407012240	  12.290382147689048	 -0.000047404720792
System697	 1
10	  5.983856077910579	  13.341132880666102	 -0.015375860614615
System698	 1
10	  14.537282257851944	  1.568360090794617	 -0.015331244406810
System699	 1
10	  5.983867231962530	 -13.341127303640125	 -0.015314513328884
System700	 1
10	 -10.839050369965552	 -9.813630488969483	 -0.015359129536688
System701	 1
10	 -12.682767752764406	  7.275969341057857	 -0.015400957231505
System702	 1
10	  3.000668632915484	  14.310428360757138	 -0.015384226153578
System703	 1
10	  14.537285046364930	 -1.568346148229678	 -0.015322878867847
System704	 1
10	  3.000682575480423	 -14.310425572244151	 -0.015320090354859
System705	 1
10	 -12.682762175738432	 -7.275983283622796	 -0.015367495075652
System706	 1
10	 -10.839058735504516	  9.813622123430520	 -0.015403745744493
System707	 1
10	  10.247693209160191	  11.314140481745454	 -2.654017429352692
System708	 1
10	 -1.640273052236456	  15.176769152826372	 -2.654053680021534
System709	 1
10	  13.927102634379075	  6.249874639918746	 -2.654000698274766
System710	 1
10	  13.927108211405047	 -6.249871851405758	 -2.653972813144888
System711	 1
10	  10.247704363212142	 -11.314143270258443	 -2.653967236118913
System712	 1
10	 -1.640259109671517	 -15.176783095391313	 -2.653983967196839
System713	 1
10	 -7.593664625755547	 -13.242405578333777	 -2.654000698274766
System714	 1
10	 -14.940835857443357	 -3.129905055847101	 -2.654039737456594
System715	 1
10	 -14.940838645956346	  3.129877170717223	 -2.654053680021534
System716	 1
10	 -7.593678568320485	  13.242386058742863	 -2.654062045560497
System717	 1
10	  7.314690632406159	  12.374224367692607	 -2.677028238527847
System718	 1
10	  14.028955859770697	  3.132838571510245	 -2.676994776371993
System719	 1
10	  7.314701786458111	 -12.374229944718584	 -2.676972468268092
System720	 1
10	 -9.508213026956984	 -10.780541790455967	 -2.677011507449921
System721	 1
10	 -13.191094150845652	  5.711479706290277	 -2.677056123657725
System722	 1
10	  4.346271152194342	  13.376443820630351	 -2.686163407075812
System723	 1
10	  14.064835656384453	  0.000000000000000	 -2.686113213842031
System724	 1
10	  4.346282306246294	 -13.376452186169315	 -2.686104848303069
System725	 1
10	 -11.378677826334620	 -8.267110031895152	 -2.686149464510873
System726	 1
10	 -11.378686191873580	  8.267087723791251	 -2.686185715179714
System727	 1
10	  1.355677416703705	  14.310419995218172	 -2.677044969605774
System728	 1
10	  14.028958648283686	 -3.132835782997257	 -2.676980833807055
System729	 1
10	  1.355691359268644	 -14.310431149270126	 -2.676980833807055
System730	 1
10	 -13.191088573819675	 -5.711504802907167	 -2.677031027040835
System731	 1
10	 -9.508224181008934	  10.780519482352064	 -2.677061700683701
System732	 1
10	  11.541956415821046	  10.318518650536795	 -5.295107312494041
System733	 1
10	 -3.272554226249937	  15.132035827476422	 -5.295149140188856
System734	 1
10	  13.380166485469035	  7.788442257951929	 -5.295096158442090
System735	 1
10	  13.380174851008000	 -7.788450623490893	 -5.295062696286235
System736	 1
10	  11.541964781360008	 -10.318529804588747	 -5.295059907773249
System737	 1
10	 -3.272537495172010	 -15.132063712606296	 -5.295079427364162
System738	 1
10	 -6.246824006710114	 -14.165659920483590	 -5.295087792903125
System739	 1
10	 -15.402697263609237	 -1.563694908566062	 -5.295137986136906
System740	 1
10	 -15.402700052122224	  1.563653080871245	 -5.295143563162881
System741	 1
10	 -6.246837949275053	  14.165629246840723	 -5.295154717214833
System742	 1
10	  8.617294281413461	  11.363229464382323	 -5.325783743872600
System743	 1
10	  13.469978911779430	  4.684091135124836	 -5.325758647255709
System744	 1
10	  8.617305435465411	 -11.363246195460249	 -5.325733550638820
System745	 1
10	 -8.144175648315915	 -11.706977825924833	 -5.325767012794674
System746	 1
10	 -13.650666187848563	  4.127919431199275	 -5.325814417515465
System747	 1
10	  5.665630975745210	  12.374216002153643	 -5.345275449657176
System748	 1
10	  13.519374630844954	  1.564478480715628	 -5.345236410475348
System749	 1
10	  5.665642129797160	 -12.374235521744557	 -5.345219679397421
System750	 1
10	 -10.017797044395717	 -9.212192853713299	 -5.345258718579251
System751	 1
10	 -11.856966362511503	  6.680769609355335	 -5.345300546274067
System752	 1
10	  2.689805205037852	  13.341118938101163	 -5.345283815196141
System753	 1
10	  13.519374630844954	 -1.564489634767579	 -5.345228044936385
System754	 1
10	  2.689819147602790	 -13.341141246205066	 -5.345225256423397
System755	 1
10	 -11.856960785485530	 -6.680805860024176	 -5.345269872631202
System756	 1
10	 -10.017808198447669	  9.212159391557448	 -5.345303334787054
System757	 1
10	 -0.292383952307619	  14.258154896288225	 -5.325808840489490
System758	 1
10	  13.469984488805407	 -4.684099500663799	 -5.325739127664796
System759	 1
10	 -0.292370009742680	 -14.258179992905118	 -5.325744704690771
System760	 1
10	 -13.650663399335576	 -4.127955681868116	 -5.325797686437539
System761	 1
10	 -8.144186802367868	  11.706947152281968	 -5.325819994541441
System762	 1
10	  12.128723684248520	  8.812032874428013	 -2.643276077323767
System763	 1
10	  12.128732049787484	 -8.812032874428013	 -2.643237038141938
System764	 1
10	 -4.632746245480856	 -14.258177204392128	 -2.643259346245840
System765	 1
10	 -14.991918626866484	 -0.000013942564939	 -2.643312327992608
System766	 1
10	 -4.632760188045796	  14.258160473314204	 -2.643323482044559
System767	 1
10	  10.839050369965552	  9.813630488969483	  0.015359129536688
System768	 1
10	  12.682767752764406	 -7.275969341057857	  0.015400957231505
System769	 1
10	 -3.000665844402496	 -14.310428360757138	  0.015384226153578
System770	 1
10	 -14.537282257851944	 -1.568360090794617	  0.015331244406810
System771	 1
10	 -5.983867231962530	  13.341127303640125	  0.015314513328884
System772	 1
10	  12.682762175738432	  7.275983283622796	  0.015367495075652
System773	 1
10	  10.839058735504516	 -9.813622123430520	  0.015400957231505
System774	 1
10	 -5.983856077910579	 -13.341132880666102	  0.015375860614615
System775	 1
10	 -14.537285046364930	  1.568346148229678	  0.015322878867847
System776	 1
10	 -3.000682575480423	  14.310425572244151	  0.015320090354859
System777	 1
10	  9.508213026956984	  10.780541790455967	  2.677011507449921
System778	 1
10	  13.191094150845652	 -5.711479706290277	  2.677056123657725
System779	 1
10	 -1.355677416703705	 -14.310419995218172	  2.677044969605774
System780	 1
10	 -14.028955859770697	 -3.132838571510245	  2.676994776371993
System781	 1
10	 -7.314701786458111	  12.374229944718584	  2.676972468268092
System782	 1
10	  11.378677826334620	  8.267110031895152	  2.686149464510873
System783	 1
10	  11.378686191873580	 -8.267087723791251	  2.686185715179714
System784	 1
10	 -4.346271152194342	 -13.376443820630351	  2.686163407075812
System785	 1
10	 -14.064835656384453	 -0.000000000000000	  2.686113213842031
System786	 1
10	 -4.346285094759281	  13.376452186169315	  2.686104848303069
System787	 1
10	  13.191088573819675	  5.711504802907167	  2.677031027040835
System788	 1
10	  9.508224181008934	 -10.780519482352064	  2.677058912170712
System789	 1
10	 -7.314690632406159	 -12.374224367692607	  2.677028238527847
System790	 1
10	 -14.028958648283686	  3.132838571510245	  2.676980833807055
System791	 1
10	 -1.355691359268644	  14.310431149270126	  2.676980833807055
System792	 1
10	  8.144175648315915	  11.706977825924833	  5.325769801307661
System793	 1
10	  13.650666187848563	 -4.127919431199275	  5.325814417515465
System794	 1
10	  0.292383952307619	 -14.258154896288225	  5.325808840489490
System795	 1
10	 -13.469978911779430	 -4.684088346611849	  5.325758647255709
System796	 1
10	 -8.617305435465411	  11.363246195460249	  5.325733550638820
System797	 1
10	  10.017797044395717	  9.212192853713299	  5.345261507092238
System798	 1
10	  11.856966362511503	 -6.680769609355335	  5.345300546274067
System799	 1
10	 -2.689805205037852	 -13.341118938101163	  5.345283815196141
System800	 1
10	 -13.519374630844954	 -1.564478480715628	  5.345236410475348
System801	 1
10	 -5.665642129797160	  12.374235521744557	  5.345219679397421
System802	 1
10	  11.856960785485530	  6.680805860024176	  5.345269872631202
System803	 1
10	  10.017808198447669	 -9.212159391557448	  5.345300546274067
System804	 1
10	 -5.665630975745210	 -12.374216002153643	  5.345275449657176
System805	 1
10	 -13.519374630844954	  1.564489634767579	  5.345228044936385
System806	 1
10	 -2.689819147602790	  13.341141246205066	  5.345225256423397
System807	 1
10	  13.650663399335576	  4.127955681868116	  5.325797686437539
System808	 1
10	  8.144186802367868	 -11.706947152281968	  5.325819994541441
System809	 1
10	 -8.617294281413461	 -11.363229464382323	  5.325783743872600
System810	 1
10	 -13.469984488805407	  4.684099500663799	  5.325739127664796
System811	 1
10	  0.292370009742680	  14.258179992905118	  5.325744704690771
System812	 1
10	  12.872104996121632	  6.224761291950805	 -7.955376587965334
System813	 1
10	  9.897826850122490	 -10.318538170127711	 -7.955345914322468
System814	 1
10	 -6.754888284570508	 -12.601992897047404	 -7.955373799452347
System815	 1
10	 -14.072554260334629	  2.530051295967978	 -7.955423992686127
System816	 1
10	 -1.942405645949352	  14.165626458327736	 -7.955423992686127
System817	 1
10	  12.910151467326891	  3.119969584071644	 -7.978883752452314
System818	 1
10	  6.956751528268836	 -11.314154424310392	 -7.978864232861399
System819	 1
10	 -8.610618581320718	 -10.112528407616553	 -7.978897695017252
System820	 1
10	 -12.278383176302635	  5.064243533722807	 -7.978939522712068
System821	 1
10	  1.022182417417256	  13.242377693203901	 -7.978931157173106
System822	 1
10	  12.922894971681041	 -0.000011154051951	 -7.986750147590838
System823	 1
10	  3.993412718720755	 -12.290401667279964	 -7.986741782051876
System824	 1
10	 -10.454807222814507	 -7.595901013171744	 -7.986780821233704
System825	 1
10	 -10.454812799840482	  7.595853608450953	 -7.986817071902545
System826	 1
10	  3.993398776155815	  12.290370993637096	 -7.986794763798644
System827	 1
10	  12.910154255839878	 -3.119991892175546	 -7.978869809887374
System828	 1
10	  1.022196359982195	 -13.242413943872741	 -7.978869809887374
System829	 1
10	 -12.278380387789644	 -5.064293726956588	 -7.978917214608167
System830	 1
10	 -8.610626946859680	  10.112483791408749	 -7.978945099738044
System831	 1
10	  6.956743162729873	  11.314126539180517	 -7.978914426095179
System832	 1
10	  12.872110573147603	 -6.224783600054708	 -7.955348702835456
System833	 1
10	 -1.942391703384413	 -14.165665497509565	 -7.955359856887408
System834	 1
10	 -14.072551471821638	 -2.530104277714745	 -7.955412838634175
System835	 1
10	 -6.754899438622459	  12.601951069352589	 -7.955432358225090
System836	 1
10	  9.897815696070539	  10.318513073510820	 -7.955390530530273
System837	 1
10	  2.152246825305717	  1.563639138306307	 -16.144645279806628
System838	 1
10	  2.152246825305717	 -1.563708851131001	 -16.144639702780655
System839	 1
10	 -0.822036897719400	 -2.530115431766697	 -16.144642491293641
System840	 1
10	 -2.660246967367391	 -0.000039039181829	 -16.144653645345592
System841	 1
10	 -0.822039686232387	  2.530040141916027	 -16.144653645345592
System842	 1
10	  4.307954195229268	  3.129860439639296	 -14.550404999972432
System843	 1
10	  4.307956983742255	 -3.129921786925028	 -14.550391057407495
System844	 1
10	 -1.645448532341774	 -5.064302092495550	 -14.550399422946457
System845	 1
10	 -5.324857957560657	 -0.000036250668841	 -14.550418942537370
System846	 1
10	 -1.645451320854763	  5.064235168183844	 -14.550421731050360
System847	 1
10	  4.340401332355067	 -0.000030673642866	 -14.591287388886265
System848	 1
10	  1.341280324147800	 -4.127969624433054	 -14.591284600373276
System849	 1
10	 -3.511401517705182	 -2.551241206162112	 -14.591298542938214
System850	 1
10	 -3.511404306218170	  2.551171493337418	 -14.591309696990168
System851	 1
10	  1.341277535634813	  4.127905488634336	 -14.591301331451204
System852	 1
10	  6.461464216918447	  4.694483923030289	 -12.922872663577140
System853	 1
10	  6.461467005431436	 -4.694534116264069	 -12.922853143986227
System854	 1
10	 -2.468018036041840	 -7.595906590197721	 -12.922864298038176
System855	 1
10	 -7.986750147590838	 -0.000033462155853	 -12.922892183168056
System856	 1
10	 -2.468026401580804	  7.595845242911991	 -12.922897760194029
System857	 1
10	  6.515034339926675	  1.568329417151751	 -12.995664006610129
System858	 1
10	  3.504870820287803	 -5.711518745472105	 -12.995652852558178
System859	 1
10	 -4.348867257785964	 -5.098282911764629	 -12.995672372149093
System860	 1
10	 -6.192581852071831	  2.560565993593246	 -12.995691891740007
System861	 1
10	  0.521677798266732	  6.680758455303384	 -12.995686314714032
System862	 1
10	  6.515034339926675	 -1.568379610385531	 -12.995655641071167
System863	 1
10	  0.521686163805695	 -6.680817014076127	 -12.995658429584156
System864	 1
10	 -6.192579063558846	 -2.560632917904953	 -12.995680737688058
System865	 1
10	 -4.348870046298952	  5.098218775965909	 -12.995694680252996
System866	 1
10	  3.504865243261827	  5.711465763725337	 -12.995677949175070
System867	 1
10	  8.602230734253478	  6.249852331814843	 -11.269858895499519
System868	 1
10	  8.602239099792442	 -6.249894159509659	 -11.269833798882631
System869	 1
10	 -3.285724373091218	 -10.112533984642530	 -11.269847741447569
System870	 1
10	 -10.632892816266043	 -0.000030673642866	 -11.269886780629399
System871	 1
10	 -3.285732738630182	  10.112478214382774	 -11.269895146168361
System872	 1
10	  8.668357531245675	  3.132816263406343	 -11.350667213372375
System873	 1
10	  5.658196800119790	 -7.275997226187733	 -11.350650482294450
System874	 1
10	 -5.171367048661335	 -7.629667116940765	 -11.350672790398351
System875	 1
10	 -8.854242595524029	  2.560568782106234	 -11.350703464041217
System876	 1
10	 -0.300824781121627	  9.212151026018484	 -11.350700675528230
System877	 1
10	  8.692567401005574	 -0.000022308103902	 -11.378669460795654
System878	 1
10	  2.686171772614775	 -8.267123974460093	 -11.378661095256691
System879	 1
10	 -7.032389943062349	 -5.109378404943003	 -11.378688980386569
System880	 1
10	 -7.032392731575337	  5.109319846170259	 -11.378714077003460
System881	 1
10	  2.686163407075812	  8.267076569739300	 -11.378700134438519
System882	 1
10	  8.668360319758662	 -3.132858091101159	 -11.350653270807435
System883	 1
10	 -0.300813627069676	 -9.212201219252265	 -11.350658847833412
System884	 1
10	 -8.854239807011039	 -2.560630129391965	 -11.350692309989265
System885	 1
10	 -5.171372625687312	  7.629611346681010	 -11.350706252554204
System886	 1
10	  5.658188434580826	  7.275952609979930	 -11.350681155937314
System887	 1
10	  10.719894421484755	  7.788431103899978	 -9.599528461767791
System888	 1
10	  10.719902787023718	 -7.788461777542842	 -9.599492211098950
System889	 1
10	 -4.094602278021288	 -12.601995685560391	 -9.599514519202852
System890	 1
10	 -13.250475534920412	 -0.000027885129878	 -9.599561923923645
System891	 1
10	 -4.094613432073239	  12.601948280839601	 -9.599570289462607
System892	 1
10	  10.787490764821511	  4.684079981072886	 -9.666134882993887
System893	 1
10	  7.788375333640222	 -8.812049605505939	 -9.666112574889985
System894	 1
10	 -5.973981953420854	 -10.130254984679867	 -9.666137671506874
System895	 1
10	 -11.480472492953499	  2.551177070363393	 -9.666176710688703
System896	 1
10	 -1.121311265619821	  11.706938786743006	 -9.666176710688703
System897	 1
10	  10.827009570884321	  1.564467326663677	 -9.701593614146489
System898	 1
10	  4.833661394763340	 -9.813644431534422	 -9.701579671581550
System899	 1
10	 -7.839614259790665	 -7.629664328427777	 -9.701613133737402
System900	 1
10	 -9.678780789393466	  5.098224352991886	 -9.701643807380268
System901	 1
10	  1.857827258517019	  10.780508328300114	 -9.701632653328316
System902	 1
10	  10.827009570884321	 -1.564500788819531	 -9.701588037120512
System903	 1
10	  1.857835624055982	 -10.780550155994929	 -9.701585248607524
System904	 1
10	 -9.678775212367491	 -5.098277334738653	 -9.701621499276364
System905	 1
10	 -7.839619836816641	  7.629611346681010	 -9.701646595893257
System906	 1
10	  4.833653029224378	  9.813608180865581	 -9.701624287789354
System907	 1
10	  10.787496341847488	 -4.684110654715751	 -9.666115363402971
System908	 1
10	 -1.121300111567870	 -11.706983402950810	 -9.666123728941935
System909	 1
10	 -11.480469704440512	 -2.551232840623149	 -9.666165556636752
System910	 1
10	 -5.973993107472805	  10.130204791446086	 -9.666182287714680
System911	 1
10	  7.788366968101259	  8.812013354837099	 -9.666151614071813
System912	 1
10	 -0.000036250668841	  0.000039039181829	  17.734867312425436
System913	 1
10	  4.901773613002837	  15.086201039496292	  7.931250373595067
System914	 1
10	  15.862531420832999	  0.000025096616890	  7.931306143854822
System915	 1
10	  4.901787555567775	 -15.086159211801476	  7.931317297906774
System916	 1
10	 -12.833082545370647	 -9.323761258354349	  7.931267104672994
System917	 1
10	 -12.833090910909611	  9.323783566458252	  7.931225276978178
System918	 1
10	  12.833082545370647	  9.323761258354349	 -7.931267104672994
System919	 1
10	  12.833090910909611	 -9.323783566458252	 -7.931225276978178
System920	 1
10	 -4.901773613002837	 -15.086201039496292	 -7.931250373595067
System921	 1
10	 -15.862531420832999	 -0.000025096616890	 -7.931306143854822
System922	 1
10	 -4.901787555567775	  15.086159211801476	 -7.931317297906774
System923	 1
10	  0.000036250668841	 -0.000039039181829	 -17.734867312425436

1.0  5.0		 !Max. displacement (Angstrom) and Max. Rotation angle (degrees)
