   0.0000000000E+000                   182591
   1.0640000000E-001                   363954
   2.1280000000E-001                   363446
   3.1920000000E-001                   362576
   4.2560000000E-001                   362666
   5.3200000000E-001                   361594
   6.3840000000E-001                   360167
   7.4480000000E-001                   360786
   8.5120000000E-001                   357437
   9.5760000000E-001                   357552
   1.0640000000E+000                   353952
   1.1704000000E+000                   354401
   1.2768000000E+000                   351662
   1.3832000000E+000                   350283
   1.4896000000E+000                   348680
   1.5960000000E+000                   346825
   1.7024000000E+000                   344546
   1.8088000000E+000                   342022
   1.9152000000E+000                   342235
   2.0216000000E+000                   338527
   2.1280000000E+000                   335736
   2.2344000000E+000                   334724
   2.3408000000E+000                   333042
   2.4472000000E+000                   329866
   2.5536000000E+000                   329483
   2.6600000000E+000                   326777
   2.7664000000E+000                   322995
   2.8728000000E+000                   317067
   2.9792000000E+000                   307875
   3.0856000000E+000                   294781
   3.1920000000E+000                   283605
   3.2984000000E+000                   269912
   3.4048000000E+000                   257209
   3.5112000000E+000                   246552
   3.6176000000E+000                   234980
   3.7240000000E+000                   225450
   3.8304000000E+000                   218098
   3.9368000000E+000                   208030
   4.0432000000E+000                   200424
   4.1496000000E+000                   192001
   4.2560000000E+000                   184209
   4.3624000000E+000                   177587
   4.4688000000E+000                   170679
   4.5752000000E+000                   163341
   4.6816000000E+000                   155400
   4.7880000000E+000                   150038
   4.8944000000E+000                   143492
   5.0008000000E+000                   137115
   5.1072000000E+000                   130717
   5.2136000000E+000                   124748
   5.3200000000E+000                   119587
   5.4264000000E+000                   113185
   5.5328000000E+000                   107332
   5.6392000000E+000                   100769
   5.7456000000E+000                    95800
   5.8520000000E+000                    89451
   5.9584000000E+000                    84808
   6.0648000000E+000                    78772
   6.1712000000E+000                    73752
   6.2776000000E+000                    68527
   6.3840000000E+000                    63496
   6.4904000000E+000                    58842
   6.5968000000E+000                    54207
   6.7032000000E+000                    49954
   6.8096000000E+000                    46318
   6.9160000000E+000                    42311
   7.0224000000E+000                    38844
   7.1288000000E+000                    35327
   7.2352000000E+000                    32208
   7.3416000000E+000                    29259
   7.4480000000E+000                    26771
   7.5544000000E+000                    23814
   7.6608000000E+000                    21727
   7.7672000000E+000                    19483
   7.8736000000E+000                    16979
   7.9800000000E+000                    15379
   8.0864000000E+000                    13339
   8.1928000000E+000                    11543
   8.2992000000E+000                    10030
   8.4056000000E+000                     8590
   8.5120000000E+000                     7301
   8.6184000000E+000                     6136
   8.7248000000E+000                     5072
   8.8312000000E+000                     4385
   8.9376000000E+000                     3482
   9.0440000000E+000                     2864
   9.1504000000E+000                     2363
   9.2568000000E+000                     1764
   9.3632000000E+000                     1319
   9.4696000000E+000                     1040
   9.5760000000E+000                      673
   9.6824000000E+000                      528
   9.7888000000E+000                      361
   9.8952000000E+000                      224
   1.0001600000E+001                      132
   1.0108000000E+001                       71
   1.0214400000E+001                       32
   1.0320800000E+001                       12
   1.0427200000E+001                        2
   1.0533600000E+001                        0
   1.0640000000E+001                        0
