   0.0000000000E+000                   207938
   1.0640000000E-001                   416848
   2.1280000000E-001                   416676
   3.1920000000E-001                   417715
   4.2560000000E-001                   419321
   5.3200000000E-001                   419081
   6.3840000000E-001                   419706
   7.4480000000E-001                   420594
   8.5120000000E-001                   418890
   9.5760000000E-001                   420213
   1.0640000000E+000                   420467
   1.1704000000E+000                   422668
   1.2768000000E+000                   423381
   1.3832000000E+000                   423727
   1.4896000000E+000                   424948
   1.5960000000E+000                   424409
   1.7024000000E+000                   426624
   1.8088000000E+000                   428385
   1.9152000000E+000                   430437
   2.0216000000E+000                   431892
   2.1280000000E+000                   434421
   2.2344000000E+000                   437051
   2.3408000000E+000                   441147
   2.4472000000E+000                   443712
   2.5536000000E+000                   447405
   2.6600000000E+000                   449455
   2.7664000000E+000                   426091
   2.8728000000E+000                   358955
   2.9792000000E+000                   285590
   3.0856000000E+000                   232475
   3.1920000000E+000                   202415
   3.2984000000E+000                   185507
   3.4048000000E+000                   177360
   3.5112000000E+000                   171361
   3.6176000000E+000                   167864
   3.7240000000E+000                   166362
   3.8304000000E+000                   165476
   3.9368000000E+000                   164930
   4.0432000000E+000                   164108
   4.1496000000E+000                   163745
   4.2560000000E+000                   163209
   4.3624000000E+000                   163102
   4.4688000000E+000                   161468
   4.5752000000E+000                   157566
   4.6816000000E+000                   148641
   4.7880000000E+000                   131834
   4.8944000000E+000                   110991
   5.0008000000E+000                    92736
   5.1072000000E+000                    76013
   5.2136000000E+000                    64003
   5.3200000000E+000                    55372
   5.4264000000E+000                    49194
   5.5328000000E+000                    43817
   5.6392000000E+000                    37503
   5.7456000000E+000                    30698
   5.8520000000E+000                    24015
   5.9584000000E+000                    19466
   6.0648000000E+000                    15483
   6.1712000000E+000                    13747
   6.2776000000E+000                    12450
   6.3840000000E+000                    11868
   6.4904000000E+000                    11215
   6.5968000000E+000                    10743
   6.7032000000E+000                    10686
   6.8096000000E+000                    10284
   6.9160000000E+000                     9640
   7.0224000000E+000                     8845
   7.1288000000E+000                     7999
   7.2352000000E+000                     6572
   7.3416000000E+000                     5379
   7.4480000000E+000                     4030
   7.5544000000E+000                     3103
   7.6608000000E+000                     2234
   7.7672000000E+000                     1700
   7.8736000000E+000                     1277
   7.9800000000E+000                      889
   8.0864000000E+000                      644
   8.1928000000E+000                      494
   8.2992000000E+000                      401
   8.4056000000E+000                      396
   8.5120000000E+000                      290
   8.6184000000E+000                      197
   8.7248000000E+000                      135
   8.8312000000E+000                       95
   8.9376000000E+000                       71
   9.0440000000E+000                       46
   9.1504000000E+000                       36
   9.2568000000E+000                       45
   9.3632000000E+000                       17
   9.4696000000E+000                        6
   9.5760000000E+000                        5
   9.6824000000E+000                        0
   9.7888000000E+000                        0
   9.8952000000E+000                        0
   1.0001600000E+001                        0
   1.0108000000E+001                        0
   1.0214400000E+001                        0
   1.0320800000E+001                        0
   1.0427200000E+001                        0
   1.0533600000E+001                        0
   1.0640000000E+001                        0
