   0.0000000000E+000                   188363
   1.0640000000E-001                   377296
   2.1280000000E-001                   376818
   3.1920000000E-001                   378657
   4.2560000000E-001                   379609
   5.3200000000E-001                   378382
   6.3840000000E-001                   380409
   7.4480000000E-001                   381014
   8.5120000000E-001                   381755
   9.5760000000E-001                   379999
   1.0640000000E+000                   384785
   1.1704000000E+000                   386841
   1.2768000000E+000                   386853
   1.3832000000E+000                   388002
   1.4896000000E+000                   390507
   1.5960000000E+000                   393276
   1.7024000000E+000                   395610
   1.8088000000E+000                   398135
   1.9152000000E+000                   401359
   2.0216000000E+000                   405357
   2.1280000000E+000                   408984
   2.2344000000E+000                   411813
   2.3408000000E+000                   418366
   2.4472000000E+000                   424696
   2.5536000000E+000                   430708
   2.6600000000E+000                   435831
   2.7664000000E+000                   413510
   2.8728000000E+000                   355194
   2.9792000000E+000                   296083
   3.0856000000E+000                   250856
   3.1920000000E+000                   224148
   3.2984000000E+000                   207922
   3.4048000000E+000                   196862
   3.5112000000E+000                   189231
   3.6176000000E+000                   184873
   3.7240000000E+000                   182886
   3.8304000000E+000                   180821
   3.9368000000E+000                   179007
   4.0432000000E+000                   178386
   4.1496000000E+000                   177720
   4.2560000000E+000                   176189
   4.3624000000E+000                   174670
   4.4688000000E+000                   170625
   4.5752000000E+000                   167836
   4.6816000000E+000                   161333
   4.7880000000E+000                   151652
   4.8944000000E+000                   140134
   5.0008000000E+000                   128162
   5.1072000000E+000                   113826
   5.2136000000E+000                   101784
   5.3200000000E+000                    91760
   5.4264000000E+000                    83357
   5.5328000000E+000                    73711
   5.6392000000E+000                    65411
   5.7456000000E+000                    56252
   5.8520000000E+000                    48569
   5.9584000000E+000                    42101
   6.0648000000E+000                    36798
   6.1712000000E+000                    33085
   6.2776000000E+000                    30664
   6.3840000000E+000                    28947
   6.4904000000E+000                    27327
   6.5968000000E+000                    25555
   6.7032000000E+000                    24336
   6.8096000000E+000                    23146
   6.9160000000E+000                    21703
   7.0224000000E+000                    19627
   7.1288000000E+000                    17933
   7.2352000000E+000                    15659
   7.3416000000E+000                    13387
   7.4480000000E+000                    11044
   7.5544000000E+000                     8958
   7.6608000000E+000                     7341
   7.7672000000E+000                     5759
   7.8736000000E+000                     4415
   7.9800000000E+000                     3436
   8.0864000000E+000                     2719
   8.1928000000E+000                     2107
   8.2992000000E+000                     1658
   8.4056000000E+000                     1338
   8.5120000000E+000                     1118
   8.6184000000E+000                      930
   8.7248000000E+000                      710
   8.8312000000E+000                      572
   8.9376000000E+000                      387
   9.0440000000E+000                      301
   9.1504000000E+000                      189
   9.2568000000E+000                      164
   9.3632000000E+000                      122
   9.4696000000E+000                       91
   9.5760000000E+000                       66
   9.6824000000E+000                       46
   9.7888000000E+000                       26
   9.8952000000E+000                       11
   1.0001600000E+001                       15
   1.0108000000E+001                        6
   1.0214400000E+001                        7
   1.0320800000E+001                        0
   1.0427200000E+001                        1
   1.0533600000E+001                        0
   1.0640000000E+001                        0
