   0.0000000000E+000                   192435
   1.0640000000E-001                   386794
   2.1280000000E-001                   385038
   3.1920000000E-001                   383839
   4.2560000000E-001                   384744
   5.3200000000E-001                   383168
   6.3840000000E-001                   381773
   7.4480000000E-001                   379379
   8.5120000000E-001                   378013
   9.5760000000E-001                   374976
   1.0640000000E+000                   373094
   1.1704000000E+000                   369934
   1.2768000000E+000                   368496
   1.3832000000E+000                   365254
   1.4896000000E+000                   363556
   1.5960000000E+000                   361352
   1.7024000000E+000                   359240
   1.8088000000E+000                   355186
   1.9152000000E+000                   353234
   2.0216000000E+000                   350904
   2.1280000000E+000                   348582
   2.2344000000E+000                   346862
   2.3408000000E+000                   344244
   2.4472000000E+000                   341230
   2.5536000000E+000                   339169
   2.6600000000E+000                   336433
   2.7664000000E+000                   334220
   2.8728000000E+000                   328359
   2.9792000000E+000                   315467
   3.0856000000E+000                   302459
   3.1920000000E+000                   286578
   3.2984000000E+000                   270805
   3.4048000000E+000                   254306
   3.5112000000E+000                   241719
   3.6176000000E+000                   230035
   3.7240000000E+000                   217875
   3.8304000000E+000                   207146
   3.9368000000E+000                   198190
   4.0432000000E+000                   189588
   4.1496000000E+000                   180807
   4.2560000000E+000                   174259
   4.3624000000E+000                   165429
   4.4688000000E+000                   157845
   4.5752000000E+000                   150604
   4.6816000000E+000                   145306
   4.7880000000E+000                   138339
   4.8944000000E+000                   131190
   5.0008000000E+000                   125754
   5.1072000000E+000                   119899
   5.2136000000E+000                   113231
   5.3200000000E+000                   106898
   5.4264000000E+000                   101394
   5.5328000000E+000                    95380
   5.6392000000E+000                    89349
   5.7456000000E+000                    84008
   5.8520000000E+000                    78182
   5.9584000000E+000                    73144
   6.0648000000E+000                    67530
   6.1712000000E+000                    62795
   6.2776000000E+000                    57352
   6.3840000000E+000                    52747
   6.4904000000E+000                    48257
   6.5968000000E+000                    43474
   6.7032000000E+000                    40153
   6.8096000000E+000                    36350
   6.9160000000E+000                    32706
   7.0224000000E+000                    29429
   7.1288000000E+000                    26570
   7.2352000000E+000                    24106
   7.3416000000E+000                    21680
   7.4480000000E+000                    19519
   7.5544000000E+000                    17716
   7.6608000000E+000                    15425
   7.7672000000E+000                    13681
   7.8736000000E+000                    12037
   7.9800000000E+000                    10344
   8.0864000000E+000                     9207
   8.1928000000E+000                     7871
   8.2992000000E+000                     6653
   8.4056000000E+000                     5862
   8.5120000000E+000                     4802
   8.6184000000E+000                     4041
   8.7248000000E+000                     3347
   8.8312000000E+000                     2773
   8.9376000000E+000                     2247
   9.0440000000E+000                     1713
   9.1504000000E+000                     1325
   9.2568000000E+000                     1011
   9.3632000000E+000                      797
   9.4696000000E+000                      612
   9.5760000000E+000                      424
   9.6824000000E+000                      310
   9.7888000000E+000                      167
   9.8952000000E+000                      141
   1.0001600000E+001                       74
   1.0108000000E+001                       33
   1.0214400000E+001                       15
   1.0320800000E+001                        6
   1.0427200000E+001                        1
   1.0533600000E+001                        3
   1.0640000000E+001                        0
