   0.0000000000E+000                   185270
   1.0640000000E-001                   368422
   2.1280000000E-001                   368269
   3.1920000000E-001                   368558
   4.2560000000E-001                   368014
   5.3200000000E-001                   367950
   6.3840000000E-001                   365555
   7.4480000000E-001                   365008
   8.5120000000E-001                   363233
   9.5760000000E-001                   362612
   1.0640000000E+000                   360205
   1.1704000000E+000                   358855
   1.2768000000E+000                   356391
   1.3832000000E+000                   353836
   1.4896000000E+000                   350467
   1.5960000000E+000                   350256
   1.7024000000E+000                   347810
   1.8088000000E+000                   345376
   1.9152000000E+000                   344361
   2.0216000000E+000                   342711
   2.1280000000E+000                   341014
   2.2344000000E+000                   338147
   2.3408000000E+000                   335622
   2.4472000000E+000                   333978
   2.5536000000E+000                   332061
   2.6600000000E+000                   328120
   2.7664000000E+000                   325895
   2.8728000000E+000                   320593
   2.9792000000E+000                   311012
   3.0856000000E+000                   298175
   3.1920000000E+000                   284610
   3.2984000000E+000                   270278
   3.4048000000E+000                   259106
   3.5112000000E+000                   245009
   3.6176000000E+000                   235589
   3.7240000000E+000                   223184
   3.8304000000E+000                   214294
   3.9368000000E+000                   205593
   4.0432000000E+000                   197195
   4.1496000000E+000                   190100
   4.2560000000E+000                   181415
   4.3624000000E+000                   173903
   4.4688000000E+000                   166559
   4.5752000000E+000                   159279
   4.6816000000E+000                   153744
   4.7880000000E+000                   146046
   4.8944000000E+000                   140610
   5.0008000000E+000                   134136
   5.1072000000E+000                   127987
   5.2136000000E+000                   121421
   5.3200000000E+000                   115665
   5.4264000000E+000                   109540
   5.5328000000E+000                   103629
   5.6392000000E+000                    98172
   5.7456000000E+000                    92305
   5.8520000000E+000                    87337
   5.9584000000E+000                    81247
   6.0648000000E+000                    75794
   6.1712000000E+000                    70477
   6.2776000000E+000                    65065
   6.3840000000E+000                    60394
   6.4904000000E+000                    56250
   6.5968000000E+000                    50938
   6.7032000000E+000                    47774
   6.8096000000E+000                    43220
   6.9160000000E+000                    40168
   7.0224000000E+000                    36365
   7.1288000000E+000                    33034
   7.2352000000E+000                    30403
   7.3416000000E+000                    27554
   7.4480000000E+000                    24763
   7.5544000000E+000                    22123
   7.6608000000E+000                    20014
   7.7672000000E+000                    17461
   7.8736000000E+000                    15736
   7.9800000000E+000                    13801
   8.0864000000E+000                    12066
   8.1928000000E+000                    10347
   8.2992000000E+000                     8965
   8.4056000000E+000                     7637
   8.5120000000E+000                     6708
   8.6184000000E+000                     5746
   8.7248000000E+000                     4704
   8.8312000000E+000                     3766
   8.9376000000E+000                     3217
   9.0440000000E+000                     2525
   9.1504000000E+000                     1949
   9.2568000000E+000                     1542
   9.3632000000E+000                     1155
   9.4696000000E+000                      860
   9.5760000000E+000                      617
   9.6824000000E+000                      462
   9.7888000000E+000                      287
   9.8952000000E+000                      174
   1.0001600000E+001                       97
   1.0108000000E+001                       60
   1.0214400000E+001                       38
   1.0320800000E+001                       10
   1.0427200000E+001                        5
   1.0533600000E+001                        0
   1.0640000000E+001                        0
