   0.0000000000E+000                        0
   1.0640000000E-001                        0
   2.1280000000E-001                        0
   3.1920000000E-001                        0
   4.2560000000E-001                        0
   5.3200000000E-001                        0
   6.3840000000E-001                        0
   7.4480000000E-001                        0
   8.5120000000E-001                        0
   9.5760000000E-001                        0
   1.0640000000E+000                        0
   1.1704000000E+000                        0
   1.2768000000E+000                        0
   1.3832000000E+000                        0
   1.4896000000E+000                        0
   1.5960000000E+000                        0
   1.7024000000E+000                        0
   1.8088000000E+000                        0
   1.9152000000E+000                        0
   2.0216000000E+000                        0
   2.1280000000E+000                        0
   2.2344000000E+000                        0
   2.3408000000E+000                       62
   2.4472000000E+000                     3712
   2.5536000000E+000                    41182
   2.6600000000E+000                   159565
   2.7664000000E+000                   308158
   2.8728000000E+000                   414694
   2.9792000000E+000                   449180
   3.0856000000E+000                   439909
   3.1920000000E+000                   408760
   3.2984000000E+000                   375241
   3.4048000000E+000                   345261
   3.5112000000E+000                   318344
   3.6176000000E+000                   298396
   3.7240000000E+000                   282585
   3.8304000000E+000                   270350
   3.9368000000E+000                   262419
   4.0432000000E+000                   258518
   4.1496000000E+000                   257276
   4.2560000000E+000                   256335
   4.3624000000E+000                   256389
   4.4688000000E+000                   260266
   4.5752000000E+000                   261764
   4.6816000000E+000                   269631
   4.7880000000E+000                   278746
   4.8944000000E+000                   286731
   5.0008000000E+000                   293460
   5.1072000000E+000                   302843
   5.2136000000E+000                   313564
   5.3200000000E+000                   322964
   5.4264000000E+000                   328954
   5.5328000000E+000                   335551
   5.6392000000E+000                   334589
   5.7456000000E+000                   331805
   5.8520000000E+000                   329692
   5.9584000000E+000                   323187
   6.0648000000E+000                   314156
   6.1712000000E+000                   303599
   6.2776000000E+000                   294370
   6.3840000000E+000                   282963
   6.4904000000E+000                   273696
   6.5968000000E+000                   264855
   6.7032000000E+000                   252421
   6.8096000000E+000                   243857
   6.9160000000E+000                   234425
   7.0224000000E+000                   225373
   7.1288000000E+000                   215247
   7.2352000000E+000                   208135
   7.3416000000E+000                   200034
   7.4480000000E+000                   192166
   7.5544000000E+000                   184013
   7.6608000000E+000                   175602
   7.7672000000E+000                   168578
   7.8736000000E+000                   160099
   7.9800000000E+000                   150670
   8.0864000000E+000                   142528
   8.1928000000E+000                   133481
   8.2992000000E+000                   124283
   8.4056000000E+000                   114909
   8.5120000000E+000                   105738
   8.6184000000E+000                    96991
   8.7248000000E+000                    87029
   8.8312000000E+000                    78288
   8.9376000000E+000                    69260
   9.0440000000E+000                    60558
   9.1504000000E+000                    53474
   9.2568000000E+000                    45492
   9.3632000000E+000                    38586
   9.4696000000E+000                    32143
   9.5760000000E+000                    25938
   9.6824000000E+000                    20511
   9.7888000000E+000                    15805
   9.8952000000E+000                    11466
   1.0001600000E+001                     8081
   1.0108000000E+001                     5353
   1.0214400000E+001                     3124
   1.0320800000E+001                     1708
   1.0427200000E+001                      716
   1.0533600000E+001                      190
   1.0640000000E+001                        6
