   0.0000000000E+000                   186980
   1.0640000000E-001                   373444
   2.1280000000E-001                   372975
   3.1920000000E-001                   370941
   4.2560000000E-001                   372224
   5.3200000000E-001                   374957
   6.3840000000E-001                   374318
   7.4480000000E-001                   375430
   8.5120000000E-001                   375476
   9.5760000000E-001                   378016
   1.0640000000E+000                   378932
   1.1704000000E+000                   380638
   1.2768000000E+000                   382881
   1.3832000000E+000                   383385
   1.4896000000E+000                   385806
   1.5960000000E+000                   388311
   1.7024000000E+000                   390519
   1.8088000000E+000                   391921
   1.9152000000E+000                   396171
   2.0216000000E+000                   397196
   2.1280000000E+000                   401366
   2.2344000000E+000                   406833
   2.3408000000E+000                   409778
   2.4472000000E+000                   416652
   2.5536000000E+000                   423182
   2.6600000000E+000                   426132
   2.7664000000E+000                   403564
   2.8728000000E+000                   352540
   2.9792000000E+000                   297983
   3.0856000000E+000                   255841
   3.1920000000E+000                   230719
   3.2984000000E+000                   214077
   3.4048000000E+000                   204102
   3.5112000000E+000                   196366
   3.6176000000E+000                   191014
   3.7240000000E+000                   187778
   3.8304000000E+000                   184646
   3.9368000000E+000                   181053
   4.0432000000E+000                   179471
   4.1496000000E+000                   178539
   4.2560000000E+000                   176514
   4.3624000000E+000                   172962
   4.4688000000E+000                   170349
   4.5752000000E+000                   165729
   4.6816000000E+000                   159181
   4.7880000000E+000                   150981
   4.8944000000E+000                   141774
   5.0008000000E+000                   131099
   5.1072000000E+000                   120119
   5.2136000000E+000                   108708
   5.3200000000E+000                    97814
   5.4264000000E+000                    88407
   5.5328000000E+000                    79397
   5.6392000000E+000                    69991
   5.7456000000E+000                    61731
   5.8520000000E+000                    54047
   5.9584000000E+000                    47484
   6.0648000000E+000                    42723
   6.1712000000E+000                    38304
   6.2776000000E+000                    35330
   6.3840000000E+000                    32568
   6.4904000000E+000                    30839
   6.5968000000E+000                    28871
   6.7032000000E+000                    27111
   6.8096000000E+000                    25637
   6.9160000000E+000                    23714
   7.0224000000E+000                    21746
   7.1288000000E+000                    19665
   7.2352000000E+000                    17848
   7.3416000000E+000                    15901
   7.4480000000E+000                    13224
   7.5544000000E+000                    11204
   7.6608000000E+000                     9172
   7.7672000000E+000                     7723
   7.8736000000E+000                     6206
   7.9800000000E+000                     5042
   8.0864000000E+000                     4135
   8.1928000000E+000                     3194
   8.2992000000E+000                     2548
   8.4056000000E+000                     2026
   8.5120000000E+000                     1601
   8.6184000000E+000                     1272
   8.7248000000E+000                      989
   8.8312000000E+000                      753
   8.9376000000E+000                      635
   9.0440000000E+000                      435
   9.1504000000E+000                      316
   9.2568000000E+000                      268
   9.3632000000E+000                      170
   9.4696000000E+000                      120
   9.5760000000E+000                      100
   9.6824000000E+000                       69
   9.7888000000E+000                       59
   9.8952000000E+000                       19
   1.0001600000E+001                       11
   1.0108000000E+001                        8
   1.0214400000E+001                        0
   1.0320800000E+001                        0
   1.0427200000E+001                        0
   1.0533600000E+001                        0
   1.0640000000E+001                        0
