   0.0000000000E+000                        0
   1.0640000000E-001                        0
   2.1280000000E-001                        0
   3.1920000000E-001                        0
   4.2560000000E-001                        0
   5.3200000000E-001                        0
   6.3840000000E-001                        0
   7.4480000000E-001                        0
   8.5120000000E-001                        0
   9.5760000000E-001                        0
   1.0640000000E+000                        0
   1.1704000000E+000                        0
   1.2768000000E+000                        0
   1.3832000000E+000                        0
   1.4896000000E+000                        0
   1.5960000000E+000                        0
   1.7024000000E+000                        0
   1.8088000000E+000                        0
   1.9152000000E+000                        0
   2.0216000000E+000                        0
   2.1280000000E+000                        0
   2.2344000000E+000                        0
   2.3408000000E+000                        0
   2.4472000000E+000                       29
   2.5536000000E+000                     6633
   2.6600000000E+000                   132811
   2.7664000000E+000                   574380
   2.8728000000E+000                  1019115
   2.9792000000E+000                  1140951
   3.0856000000E+000                   995404
   3.1920000000E+000                   775461
   3.2984000000E+000                   581063
   3.4048000000E+000                   435623
   3.5112000000E+000                   334134
   3.6176000000E+000                   266585
   3.7240000000E+000                   220766
   3.8304000000E+000                   192399
   3.9368000000E+000                   174347
   4.0432000000E+000                   165905
   4.1496000000E+000                   164811
   4.2560000000E+000                   168816
   4.3624000000E+000                   182474
   4.4688000000E+000                   206960
   4.5752000000E+000                   243809
   4.6816000000E+000                   294520
   4.7880000000E+000                   352531
   4.8944000000E+000                   406709
   5.0008000000E+000                   449184
   5.1072000000E+000                   467419
   5.2136000000E+000                   464885
   5.3200000000E+000                   448724
   5.4264000000E+000                   431289
   5.5328000000E+000                   415273
   5.6392000000E+000                   396061
   5.7456000000E+000                   370233
   5.8520000000E+000                   335066
   5.9584000000E+000                   297871
   6.0648000000E+000                   254675
   6.1712000000E+000                   215636
   6.2776000000E+000                   183427
   6.3840000000E+000                   156510
   6.4904000000E+000                   137203
   6.5968000000E+000                   122215
   6.7032000000E+000                   112525
   6.8096000000E+000                   106425
   6.9160000000E+000                   102782
   7.0224000000E+000                   103585
   7.1288000000E+000                   103205
   7.2352000000E+000                   102563
   7.3416000000E+000                    99737
   7.4480000000E+000                    96746
   7.5544000000E+000                    89771
   7.6608000000E+000                    82011
   7.7672000000E+000                    71596
   7.8736000000E+000                    62579
   7.9800000000E+000                    52702
   8.0864000000E+000                    44969
   8.1928000000E+000                    37212
   8.2992000000E+000                    30631
   8.4056000000E+000                    24834
   8.5120000000E+000                    20216
   8.6184000000E+000                    16243
   8.7248000000E+000                    13052
   8.8312000000E+000                    10491
   8.9376000000E+000                     8169
   9.0440000000E+000                     6530
   9.1504000000E+000                     5038
   9.2568000000E+000                     3814
   9.3632000000E+000                     2888
   9.4696000000E+000                     2326
   9.5760000000E+000                     1783
   9.6824000000E+000                     1155
   9.7888000000E+000                      926
   9.8952000000E+000                      666
   1.0001600000E+001                      439
   1.0108000000E+001                      257
   1.0214400000E+001                      134
   1.0320800000E+001                       69
   1.0427200000E+001                       21
   1.0533600000E+001                        3
   1.0640000000E+001                        0
