   0.0000000000E+000                   219924
   1.0640000000E-001                   436338
   2.1280000000E-001                   436083
   3.1920000000E-001                   436643
   4.2560000000E-001                   438157
   5.3200000000E-001                   438004
   6.3840000000E-001                   438324
   7.4480000000E-001                   439121
   8.5120000000E-001                   436209
   9.5760000000E-001                   437824
   1.0640000000E+000                   439643
   1.1704000000E+000                   439625
   1.2768000000E+000                   440747
   1.3832000000E+000                   440518
   1.4896000000E+000                   441105
   1.5960000000E+000                   443821
   1.7024000000E+000                   442094
   1.8088000000E+000                   442172
   1.9152000000E+000                   442260
   2.0216000000E+000                   442992
   2.1280000000E+000                   444136
   2.2344000000E+000                   446921
   2.3408000000E+000                   447480
   2.4472000000E+000                   451099
   2.5536000000E+000                   454460
   2.6600000000E+000                   454130
   2.7664000000E+000                   429304
   2.8728000000E+000                   358479
   2.9792000000E+000                   278165
   3.0856000000E+000                   223016
   3.1920000000E+000                   192666
   3.2984000000E+000                   176576
   3.4048000000E+000                   167866
   3.5112000000E+000                   163585
   3.6176000000E+000                   161815
   3.7240000000E+000                   159140
   3.8304000000E+000                   158367
   3.9368000000E+000                   157835
   4.0432000000E+000                   158188
   4.1496000000E+000                   158006
   4.2560000000E+000                   158385
   4.3624000000E+000                   158340
   4.4688000000E+000                   156488
   4.5752000000E+000                   151053
   4.6816000000E+000                   138726
   4.7880000000E+000                   118127
   4.8944000000E+000                    94491
   5.0008000000E+000                    72338
   5.1072000000E+000                    55022
   5.2136000000E+000                    43999
   5.3200000000E+000                    38268
   5.4264000000E+000                    34529
   5.5328000000E+000                    31424
   5.6392000000E+000                    26306
   5.7456000000E+000                    19926
   5.8520000000E+000                    13772
   5.9584000000E+000                     9808
   6.0648000000E+000                     7155
   6.1712000000E+000                     5939
   6.2776000000E+000                     5388
   6.3840000000E+000                     5053
   6.4904000000E+000                     5057
   6.5968000000E+000                     5141
   6.7032000000E+000                     4874
   6.8096000000E+000                     4674
   6.9160000000E+000                     4595
   7.0224000000E+000                     4220
   7.1288000000E+000                     3506
   7.2352000000E+000                     2780
   7.3416000000E+000                     2195
   7.4480000000E+000                     1605
   7.5544000000E+000                     1181
   7.6608000000E+000                      837
   7.7672000000E+000                      511
   7.8736000000E+000                      332
   7.9800000000E+000                      257
   8.0864000000E+000                      224
   8.1928000000E+000                      179
   8.2992000000E+000                      126
   8.4056000000E+000                      111
   8.5120000000E+000                       76
   8.6184000000E+000                       45
   8.7248000000E+000                       28
   8.8312000000E+000                       16
   8.9376000000E+000                       21
   9.0440000000E+000                        9
   9.1504000000E+000                       10
   9.2568000000E+000                        9
   9.3632000000E+000                        0
   9.4696000000E+000                        4
   9.5760000000E+000                        2
   9.6824000000E+000                        0
   9.7888000000E+000                        0
   9.8952000000E+000                        0
   1.0001600000E+001                        0
   1.0108000000E+001                        0
   1.0214400000E+001                        0
   1.0320800000E+001                        0
   1.0427200000E+001                        0
   1.0533600000E+001                        0
   1.0640000000E+001                        0
