   0.0000000000E+000                   243021
   1.0640000000E-001                   483762
   2.1280000000E-001                   485105
   3.1920000000E-001                   482315
   4.2560000000E-001                   480532
   5.3200000000E-001                   476956
   6.3840000000E-001                   472948
   7.4480000000E-001                   468350
   8.5120000000E-001                   462818
   9.5760000000E-001                   457083
   1.0640000000E+000                   449999
   1.1704000000E+000                   443618
   1.2768000000E+000                   438284
   1.3832000000E+000                   432532
   1.4896000000E+000                   426401
   1.5960000000E+000                   421423
   1.7024000000E+000                   415371
   1.8088000000E+000                   408675
   1.9152000000E+000                   405457
   2.0216000000E+000                   401255
   2.1280000000E+000                   397275
   2.2344000000E+000                   392348
   2.3408000000E+000                   387551
   2.4472000000E+000                   381267
   2.5536000000E+000                   378484
   2.6600000000E+000                   374181
   2.7664000000E+000                   369121
   2.8728000000E+000                   360318
   2.9792000000E+000                   343561
   3.0856000000E+000                   314497
   3.1920000000E+000                   280710
   3.2984000000E+000                   248540
   3.4048000000E+000                   221890
   3.5112000000E+000                   199941
   3.6176000000E+000                   181338
   3.7240000000E+000                   166900
   3.8304000000E+000                   154470
   3.9368000000E+000                   143483
   4.0432000000E+000                   134056
   4.1496000000E+000                   125949
   4.2560000000E+000                   117152
   4.3624000000E+000                   109109
   4.4688000000E+000                   101931
   4.5752000000E+000                    95384
   4.6816000000E+000                    89560
   4.7880000000E+000                    84611
   4.8944000000E+000                    79101
   5.0008000000E+000                    73431
   5.1072000000E+000                    66762
   5.2136000000E+000                    61797
   5.3200000000E+000                    55841
   5.4264000000E+000                    50322
   5.5328000000E+000                    44486
   5.6392000000E+000                    38910
   5.7456000000E+000                    34252
   5.8520000000E+000                    30079
   5.9584000000E+000                    25279
   6.0648000000E+000                    21581
   6.1712000000E+000                    18539
   6.2776000000E+000                    15276
   6.3840000000E+000                    12724
   6.4904000000E+000                    10631
   6.5968000000E+000                     8840
   6.7032000000E+000                     7501
   6.8096000000E+000                     5996
   6.9160000000E+000                     5113
   7.0224000000E+000                     4155
   7.1288000000E+000                     3458
   7.2352000000E+000                     3002
   7.3416000000E+000                     2453
   7.4480000000E+000                     2042
   7.5544000000E+000                     1729
   7.6608000000E+000                     1406
   7.7672000000E+000                     1152
   7.8736000000E+000                      919
   7.9800000000E+000                      812
   8.0864000000E+000                      628
   8.1928000000E+000                      577
   8.2992000000E+000                      410
   8.4056000000E+000                      349
   8.5120000000E+000                      279
   8.6184000000E+000                      205
   8.7248000000E+000                      143
   8.8312000000E+000                      111
   8.9376000000E+000                       71
   9.0440000000E+000                       39
   9.1504000000E+000                       24
   9.2568000000E+000                       23
   9.3632000000E+000                       14
   9.4696000000E+000                        4
   9.5760000000E+000                        1
   9.6824000000E+000                        1
   9.7888000000E+000                        0
   9.8952000000E+000                        0
   1.0001600000E+001                        0
   1.0108000000E+001                        0
   1.0214400000E+001                        0
   1.0320800000E+001                        0
   1.0427200000E+001                        0
   1.0533600000E+001                        0
   1.0640000000E+001                        0
