   0.0000000000E+000                   250524
   1.0640000000E-001                   501119
   2.1280000000E-001                   499017
   3.1920000000E-001                   497546
   4.2560000000E-001                   493660
   5.3200000000E-001                   490319
   6.3840000000E-001                   485333
   7.4480000000E-001                   479184
   8.5120000000E-001                   473209
   9.5760000000E-001                   467359
   1.0640000000E+000                   458684
   1.1704000000E+000                   452754
   1.2768000000E+000                   447095
   1.3832000000E+000                   439363
   1.4896000000E+000                   432026
   1.5960000000E+000                   424188
   1.7024000000E+000                   419843
   1.8088000000E+000                   414075
   1.9152000000E+000                   409980
   2.0216000000E+000                   405284
   2.1280000000E+000                   399869
   2.2344000000E+000                   396106
   2.3408000000E+000                   393097
   2.4472000000E+000                   388782
   2.5536000000E+000                   385909
   2.6600000000E+000                   380636
   2.7664000000E+000                   374493
   2.8728000000E+000                   366667
   2.9792000000E+000                   348740
   3.0856000000E+000                   316239
   3.1920000000E+000                   277469
   3.2984000000E+000                   242285
   3.4048000000E+000                   213070
   3.5112000000E+000                   190407
   3.6176000000E+000                   172565
   3.7240000000E+000                   157059
   3.8304000000E+000                   144771
   3.9368000000E+000                   134403
   4.0432000000E+000                   123952
   4.1496000000E+000                   116945
   4.2560000000E+000                   109099
   4.3624000000E+000                   102713
   4.4688000000E+000                    96159
   4.5752000000E+000                    89306
   4.6816000000E+000                    84258
   4.7880000000E+000                    77758
   4.8944000000E+000                    72793
   5.0008000000E+000                    67472
   5.1072000000E+000                    61447
   5.2136000000E+000                    55937
   5.3200000000E+000                    49622
   5.4264000000E+000                    43247
   5.5328000000E+000                    37984
   5.6392000000E+000                    32945
   5.7456000000E+000                    27971
   5.8520000000E+000                    23742
   5.9584000000E+000                    19758
   6.0648000000E+000                    16456
   6.1712000000E+000                    13514
   6.2776000000E+000                    10850
   6.3840000000E+000                     8656
   6.4904000000E+000                     6944
   6.5968000000E+000                     5558
   6.7032000000E+000                     4279
   6.8096000000E+000                     3538
   6.9160000000E+000                     2781
   7.0224000000E+000                     2166
   7.1288000000E+000                     1791
   7.2352000000E+000                     1421
   7.3416000000E+000                     1147
   7.4480000000E+000                      945
   7.5544000000E+000                      788
   7.6608000000E+000                      649
   7.7672000000E+000                      509
   7.8736000000E+000                      416
   7.9800000000E+000                      291
   8.0864000000E+000                      277
   8.1928000000E+000                      196
   8.2992000000E+000                      171
   8.4056000000E+000                       90
   8.5120000000E+000                       76
   8.6184000000E+000                       73
   8.7248000000E+000                       52
   8.8312000000E+000                       32
   8.9376000000E+000                       22
   9.0440000000E+000                       22
   9.1504000000E+000                       12
   9.2568000000E+000                        9
   9.3632000000E+000                       13
   9.4696000000E+000                        6
   9.5760000000E+000                        5
   9.6824000000E+000                        3
   9.7888000000E+000                        0
   9.8952000000E+000                        4
   1.0001600000E+001                        0
   1.0108000000E+001                        1
   1.0214400000E+001                        0
   1.0320800000E+001                        0
   1.0427200000E+001                        0
   1.0533600000E+001                        0
   1.0640000000E+001                        0
