   0.0000000000E+000                        0
   1.0640000000E-001                        0
   2.1280000000E-001                        0
   3.1920000000E-001                        0
   4.2560000000E-001                        0
   5.3200000000E-001                        0
   6.3840000000E-001                        0
   7.4480000000E-001                        0
   8.5120000000E-001                        0
   9.5760000000E-001                        0
   1.0640000000E+000                        0
   1.1704000000E+000                        0
   1.2768000000E+000                        0
   1.3832000000E+000                        0
   1.4896000000E+000                        0
   1.5960000000E+000                        0
   1.7024000000E+000                        0
   1.8088000000E+000                        0
   1.9152000000E+000                        0
   2.0216000000E+000                        0
   2.1280000000E+000                        0
   2.2344000000E+000                        0
   2.3408000000E+000                        3
   2.4472000000E+000                     1291
   2.5536000000E+000                    28160
   2.6600000000E+000                   154988
   2.7664000000E+000                   363363
   2.8728000000E+000                   519642
   2.9792000000E+000                   570877
   3.0856000000E+000                   548421
   3.1920000000E+000                   491060
   3.2984000000E+000                   434691
   3.4048000000E+000                   382479
   3.5112000000E+000                   342489
   3.6176000000E+000                   312281
   3.7240000000E+000                   288397
   3.8304000000E+000                   271111
   3.9368000000E+000                   260827
   4.0432000000E+000                   253288
   4.1496000000E+000                   248718
   4.2560000000E+000                   247665
   4.3624000000E+000                   249128
   4.4688000000E+000                   253567
   4.5752000000E+000                   260017
   4.6816000000E+000                   268001
   4.7880000000E+000                   278789
   4.8944000000E+000                   292609
   5.0008000000E+000                   304097
   5.1072000000E+000                   318618
   5.2136000000E+000                   331498
   5.3200000000E+000                   341402
   5.4264000000E+000                   350339
   5.5328000000E+000                   354349
   5.6392000000E+000                   354460
   5.7456000000E+000                   348034
   5.8520000000E+000                   340479
   5.9584000000E+000                   327469
   6.0648000000E+000                   312154
   6.1712000000E+000                   296911
   6.2776000000E+000                   281506
   6.3840000000E+000                   266688
   6.4904000000E+000                   254464
   6.5968000000E+000                   241956
   6.7032000000E+000                   227777
   6.8096000000E+000                   217600
   6.9160000000E+000                   208884
   7.0224000000E+000                   198362
   7.1288000000E+000                   188852
   7.2352000000E+000                   182102
   7.3416000000E+000                   173301
   7.4480000000E+000                   165506
   7.5544000000E+000                   156951
   7.6608000000E+000                   149861
   7.7672000000E+000                   142108
   7.8736000000E+000                   133556
   7.9800000000E+000                   125698
   8.0864000000E+000                   116885
   8.1928000000E+000                   109301
   8.2992000000E+000                    99289
   8.4056000000E+000                    91295
   8.5120000000E+000                    83342
   8.6184000000E+000                    74846
   8.7248000000E+000                    66849
   8.8312000000E+000                    59428
   8.9376000000E+000                    52643
   9.0440000000E+000                    44843
   9.1504000000E+000                    38891
   9.2568000000E+000                    32916
   9.3632000000E+000                    27357
   9.4696000000E+000                    22458
   9.5760000000E+000                    17909
   9.6824000000E+000                    14202
   9.7888000000E+000                    10735
   9.8952000000E+000                     7777
   1.0001600000E+001                     5493
   1.0108000000E+001                     3400
   1.0214400000E+001                     1907
   1.0320800000E+001                      912
   1.0427200000E+001                      385
   1.0533600000E+001                       89
   1.0640000000E+001                        4
