   0.0000000000E+000                   229426
   1.0640000000E-001                   459236
   2.1280000000E-001                   459518
   3.1920000000E-001                   458035
   4.2560000000E-001                   457450
   5.3200000000E-001                   456543
   6.3840000000E-001                   456682
   7.4480000000E-001                   456201
   8.5120000000E-001                   457700
   9.5760000000E-001                   457202
   1.0640000000E+000                   458070
   1.1704000000E+000                   458992
   1.2768000000E+000                   456183
   1.3832000000E+000                   457253
   1.4896000000E+000                   457475
   1.5960000000E+000                   456666
   1.7024000000E+000                   457756
   1.8088000000E+000                   458201
   1.9152000000E+000                   457974
   2.0216000000E+000                   458433
   2.1280000000E+000                   457606
   2.2344000000E+000                   459121
   2.3408000000E+000                   460423
   2.4472000000E+000                   460257
   2.5536000000E+000                   459343
   2.6600000000E+000                   458546
   2.7664000000E+000                   437795
   2.8728000000E+000                   355964
   2.9792000000E+000                   258439
   3.0856000000E+000                   199326
   3.1920000000E+000                   172438
   3.2984000000E+000                   160029
   3.4048000000E+000                   157243
   3.5112000000E+000                   155321
   3.6176000000E+000                   154057
   3.7240000000E+000                   153633
   3.8304000000E+000                   152738
   3.9368000000E+000                   153139
   4.0432000000E+000                   154244
   4.1496000000E+000                   155121
   4.2560000000E+000                   153269
   4.3624000000E+000                   151823
   4.4688000000E+000                   151671
   4.5752000000E+000                   148162
   4.6816000000E+000                   134813
   4.7880000000E+000                   104529
   4.8944000000E+000                    68482
   5.0008000000E+000                    42282
   5.1072000000E+000                    29015
   5.2136000000E+000                    24427
   5.3200000000E+000                    22216
   5.4264000000E+000                    21594
   5.5328000000E+000                    20278
   5.6392000000E+000                    15519
   5.7456000000E+000                     8179
   5.8520000000E+000                     3012
   5.9584000000E+000                      760
   6.0648000000E+000                      161
   6.1712000000E+000                       24
   6.2776000000E+000                        4
   6.3840000000E+000                        1
   6.4904000000E+000                        0
   6.5968000000E+000                        0
   6.7032000000E+000                        0
   6.8096000000E+000                        0
   6.9160000000E+000                        0
   7.0224000000E+000                        0
   7.1288000000E+000                        0
   7.2352000000E+000                        0
   7.3416000000E+000                        0
   7.4480000000E+000                        0
   7.5544000000E+000                        0
   7.6608000000E+000                        0
   7.7672000000E+000                        0
   7.8736000000E+000                        0
   7.9800000000E+000                        0
   8.0864000000E+000                        0
   8.1928000000E+000                        0
   8.2992000000E+000                        0
   8.4056000000E+000                        0
   8.5120000000E+000                        0
   8.6184000000E+000                        0
   8.7248000000E+000                        0
   8.8312000000E+000                        0
   8.9376000000E+000                        0
   9.0440000000E+000                        0
   9.1504000000E+000                        0
   9.2568000000E+000                        0
   9.3632000000E+000                        0
   9.4696000000E+000                        0
   9.5760000000E+000                        0
   9.6824000000E+000                        0
   9.7888000000E+000                        0
   9.8952000000E+000                        0
   1.0001600000E+001                        0
   1.0108000000E+001                        0
   1.0214400000E+001                        0
   1.0320800000E+001                        0
   1.0427200000E+001                        0
   1.0533600000E+001                        0
   1.0640000000E+001                        0
