   0.0000000000E+000                   210076
   1.0640000000E-001                   419554
   2.1280000000E-001                   418658
   3.1920000000E-001                   420744
   4.2560000000E-001                   418265
   5.3200000000E-001                   419663
   6.3840000000E-001                   419051
   7.4480000000E-001                   418739
   8.5120000000E-001                   419410
   9.5760000000E-001                   419120
   1.0640000000E+000                   417699
   1.1704000000E+000                   420119
   1.2768000000E+000                   415858
   1.3832000000E+000                   416228
   1.4896000000E+000                   417095
   1.5960000000E+000                   416158
   1.7024000000E+000                   418116
   1.8088000000E+000                   416459
   1.9152000000E+000                   414216
   2.0216000000E+000                   414304
   2.1280000000E+000                   414454
   2.2344000000E+000                   414913
   2.3408000000E+000                   413957
   2.4472000000E+000                   414452
   2.5536000000E+000                   416159
   2.6600000000E+000                   416343
   2.7664000000E+000                   418207
   2.8728000000E+000                   419999
   2.9792000000E+000                   406573
   3.0856000000E+000                   356208
   3.1920000000E+000                   288325
   3.2984000000E+000                   227666
   3.4048000000E+000                   185965
   3.5112000000E+000                   162041
   3.6176000000E+000                   150749
   3.7240000000E+000                   144979
   3.8304000000E+000                   143457
   3.9368000000E+000                   143474
   4.0432000000E+000                   144203
   4.1496000000E+000                   144606
   4.2560000000E+000                   145092
   4.3624000000E+000                   144409
   4.4688000000E+000                   142927
   4.5752000000E+000                   142781
   4.6816000000E+000                   142823
   4.7880000000E+000                   143621
   4.8944000000E+000                   142771
   5.0008000000E+000                   138660
   5.1072000000E+000                   125135
   5.2136000000E+000                    98742
   5.3200000000E+000                    66413
   5.4264000000E+000                    40675
   5.5328000000E+000                    27876
   5.6392000000E+000                    23651
   5.7456000000E+000                    22437
   5.8520000000E+000                    22280
   5.9584000000E+000                    21601
   6.0648000000E+000                    17295
   6.1712000000E+000                     9554
   6.2776000000E+000                     3813
   6.3840000000E+000                      971
   6.4904000000E+000                      183
   6.5968000000E+000                       23
   6.7032000000E+000                        5
   6.8096000000E+000                        0
   6.9160000000E+000                        0
   7.0224000000E+000                        0
   7.1288000000E+000                        0
   7.2352000000E+000                        0
   7.3416000000E+000                        0
   7.4480000000E+000                        0
   7.5544000000E+000                        0
   7.6608000000E+000                        0
   7.7672000000E+000                        0
   7.8736000000E+000                        0
   7.9800000000E+000                        0
   8.0864000000E+000                        0
   8.1928000000E+000                        0
   8.2992000000E+000                        0
   8.4056000000E+000                        0
   8.5120000000E+000                        0
   8.6184000000E+000                        0
   8.7248000000E+000                        0
   8.8312000000E+000                        0
   8.9376000000E+000                        0
   9.0440000000E+000                        0
   9.1504000000E+000                        0
   9.2568000000E+000                        0
   9.3632000000E+000                        0
   9.4696000000E+000                        0
   9.5760000000E+000                        0
   9.6824000000E+000                        0
   9.7888000000E+000                        0
   9.8952000000E+000                        0
   1.0001600000E+001                        0
   1.0108000000E+001                        0
   1.0214400000E+001                        0
   1.0320800000E+001                        0
   1.0427200000E+001                        0
   1.0533600000E+001                        0
   1.0640000000E+001                        0
