   0.0000000000E+000                   181518
   1.0640000000E-001                   363328
   2.1280000000E-001                   363975
   3.1920000000E-001                   363221
   4.2560000000E-001                   364018
   5.3200000000E-001                   364480
   6.3840000000E-001                   364336
   7.4480000000E-001                   365984
   8.5120000000E-001                   366596
   9.5760000000E-001                   367389
   1.0640000000E+000                   367202
   1.1704000000E+000                   369201
   1.2768000000E+000                   372081
   1.3832000000E+000                   370770
   1.4896000000E+000                   373115
   1.5960000000E+000                   374753
   1.7024000000E+000                   376974
   1.8088000000E+000                   377917
   1.9152000000E+000                   381854
   2.0216000000E+000                   380777
   2.1280000000E+000                   384625
   2.2344000000E+000                   389450
   2.3408000000E+000                   391772
   2.4472000000E+000                   396025
   2.5536000000E+000                   401737
   2.6600000000E+000                   400456
   2.7664000000E+000                   380934
   2.8728000000E+000                   342082
   2.9792000000E+000                   303021
   3.0856000000E+000                   272459
   3.1920000000E+000                   248310
   3.2984000000E+000                   231579
   3.4048000000E+000                   219584
   3.5112000000E+000                   210848
   3.6176000000E+000                   202269
   3.7240000000E+000                   198009
   3.8304000000E+000                   192791
   3.9368000000E+000                   188581
   4.0432000000E+000                   183237
   4.1496000000E+000                   178888
   4.2560000000E+000                   175145
   4.3624000000E+000                   170714
   4.4688000000E+000                   167150
   4.5752000000E+000                   162210
   4.6816000000E+000                   155940
   4.7880000000E+000                   150412
   4.8944000000E+000                   142241
   5.0008000000E+000                   134976
   5.1072000000E+000                   128040
   5.2136000000E+000                   117483
   5.3200000000E+000                   108990
   5.4264000000E+000                   100133
   5.5328000000E+000                    91197
   5.6392000000E+000                    82770
   5.7456000000E+000                    74748
   5.8520000000E+000                    67530
   5.9584000000E+000                    61316
   6.0648000000E+000                    55060
   6.1712000000E+000                    50991
   6.2776000000E+000                    46928
   6.3840000000E+000                    43204
   6.4904000000E+000                    39817
   6.5968000000E+000                    36961
   6.7032000000E+000                    34267
   6.8096000000E+000                    31572
   6.9160000000E+000                    29458
   7.0224000000E+000                    26731
   7.1288000000E+000                    24214
   7.2352000000E+000                    22025
   7.3416000000E+000                    20178
   7.4480000000E+000                    17949
   7.5544000000E+000                    16082
   7.6608000000E+000                    14104
   7.7672000000E+000                    12411
   7.8736000000E+000                    10662
   7.9800000000E+000                     9234
   8.0864000000E+000                     7621
   8.1928000000E+000                     6346
   8.2992000000E+000                     5444
   8.4056000000E+000                     4291
   8.5120000000E+000                     3674
   8.6184000000E+000                     3007
   8.7248000000E+000                     2458
   8.8312000000E+000                     1864
   8.9376000000E+000                     1556
   9.0440000000E+000                     1220
   9.1504000000E+000                     1006
   9.2568000000E+000                      809
   9.3632000000E+000                      524
   9.4696000000E+000                      399
   9.5760000000E+000                      294
   9.6824000000E+000                      199
   9.7888000000E+000                      128
   9.8952000000E+000                       83
   1.0001600000E+001                       43
   1.0108000000E+001                       32
   1.0214400000E+001                       12
   1.0320800000E+001                        1
   1.0427200000E+001                        0
   1.0533600000E+001                        0
   1.0640000000E+001                        0
