   0.0000000000E+000                   174448
   1.0640000000E-001                   349177
   2.1280000000E-001                   349445
   3.1920000000E-001                   349302
   4.2560000000E-001                   350118
   5.3200000000E-001                   348718
   6.3840000000E-001                   348655
   7.4480000000E-001                   350186
   8.5120000000E-001                   350773
   9.5760000000E-001                   351814
   1.0640000000E+000                   353140
   1.1704000000E+000                   352453
   1.2768000000E+000                   355676
   1.3832000000E+000                   354758
   1.4896000000E+000                   354825
   1.5960000000E+000                   355140
   1.7024000000E+000                   358851
   1.8088000000E+000                   359390
   1.9152000000E+000                   360397
   2.0216000000E+000                   362870
   2.1280000000E+000                   363534
   2.2344000000E+000                   366642
   2.3408000000E+000                   369274
   2.4472000000E+000                   370054
   2.5536000000E+000                   372385
   2.6600000000E+000                   368059
   2.7664000000E+000                   350884
   2.8728000000E+000                   327779
   2.9792000000E+000                   302850
   3.0856000000E+000                   279867
   3.1920000000E+000                   262038
   3.2984000000E+000                   248100
   3.4048000000E+000                   237442
   3.5112000000E+000                   227027
   3.6176000000E+000                   219246
   3.7240000000E+000                   211214
   3.8304000000E+000                   205760
   3.9368000000E+000                   199380
   4.0432000000E+000                   192352
   4.1496000000E+000                   187072
   4.2560000000E+000                   181910
   4.3624000000E+000                   176598
   4.4688000000E+000                   170980
   4.5752000000E+000                   166227
   4.6816000000E+000                   158895
   4.7880000000E+000                   153310
   4.8944000000E+000                   147448
   5.0008000000E+000                   141345
   5.1072000000E+000                   133505
   5.2136000000E+000                   126945
   5.3200000000E+000                   119244
   5.4264000000E+000                   111403
   5.5328000000E+000                   105284
   5.6392000000E+000                    97973
   5.7456000000E+000                    90382
   5.8520000000E+000                    83073
   5.9584000000E+000                    77556
   6.0648000000E+000                    71697
   6.1712000000E+000                    66782
   6.2776000000E+000                    62007
   6.3840000000E+000                    57607
   6.4904000000E+000                    52990
   6.5968000000E+000                    49377
   6.7032000000E+000                    45984
   6.8096000000E+000                    42299
   6.9160000000E+000                    39064
   7.0224000000E+000                    35536
   7.1288000000E+000                    32845
   7.2352000000E+000                    30169
   7.3416000000E+000                    27756
   7.4480000000E+000                    24977
   7.5544000000E+000                    22810
   7.6608000000E+000                    20133
   7.7672000000E+000                    18117
   7.8736000000E+000                    16310
   7.9800000000E+000                    14170
   8.0864000000E+000                    12458
   8.1928000000E+000                    10851
   8.2992000000E+000                     9335
   8.4056000000E+000                     8194
   8.5120000000E+000                     6939
   8.6184000000E+000                     5799
   8.7248000000E+000                     4942
   8.8312000000E+000                     3984
   8.9376000000E+000                     3271
   9.0440000000E+000                     2593
   9.1504000000E+000                     2164
   9.2568000000E+000                     1653
   9.3632000000E+000                     1233
   9.4696000000E+000                      870
   9.5760000000E+000                      679
   9.6824000000E+000                      526
   9.7888000000E+000                      315
   9.8952000000E+000                      200
   1.0001600000E+001                      106
   1.0108000000E+001                       50
   1.0214400000E+001                       20
   1.0320800000E+001                       13
   1.0427200000E+001                        2
   1.0533600000E+001                        0
   1.0640000000E+001                        0
