   0.0000000000E+000                        0
   1.0640000000E-001                        0
   2.1280000000E-001                        0
   3.1920000000E-001                        0
   4.2560000000E-001                        0
   5.3200000000E-001                        0
   6.3840000000E-001                        0
   7.4480000000E-001                        0
   8.5120000000E-001                        0
   9.5760000000E-001                        0
   1.0640000000E+000                        0
   1.1704000000E+000                        0
   1.2768000000E+000                        0
   1.3832000000E+000                        0
   1.4896000000E+000                        0
   1.5960000000E+000                        0
   1.7024000000E+000                        0
   1.8088000000E+000                        0
   1.9152000000E+000                        0
   2.0216000000E+000                        0
   2.1280000000E+000                        0
   2.2344000000E+000                        0
   2.3408000000E+000                        0
   2.4472000000E+000                        0
   2.5536000000E+000                      968
   2.6600000000E+000                    75583
   2.7664000000E+000                   609484
   2.8728000000E+000                  1441739
   2.9792000000E+000                  1737311
   3.0856000000E+000                  1471840
   3.1920000000E+000                  1040573
   3.2984000000E+000                   677219
   3.4048000000E+000                   427044
   3.5112000000E+000                   271994
   3.6176000000E+000                   174200
   3.7240000000E+000                   113131
   3.8304000000E+000                    75424
   3.9368000000E+000                    51282
   4.0432000000E+000                    36148
   4.1496000000E+000                    28997
   4.2560000000E+000                    27945
   4.3624000000E+000                    36713
   4.4688000000E+000                    73117
   4.5752000000E+000                   173482
   4.6816000000E+000                   374668
   4.7880000000E+000                   634434
   4.8944000000E+000                   840337
   5.0008000000E+000                   905510
   5.1072000000E+000                   833499
   5.2136000000E+000                   674407
   5.3200000000E+000                   499559
   5.4264000000E+000                   350221
   5.5328000000E+000                   265678
   5.6392000000E+000                   252141
   5.7456000000E+000                   263831
   5.8520000000E+000                   255936
   5.9584000000E+000                   224180
   6.0648000000E+000                   177759
   6.1712000000E+000                   128712
   6.2776000000E+000                    84453
   6.3840000000E+000                    51599
   6.4904000000E+000                    30578
   6.5968000000E+000                    19178
   6.7032000000E+000                    13676
   6.8096000000E+000                    13511
   6.9160000000E+000                    15699
   7.0224000000E+000                    19130
   7.1288000000E+000                    21760
   7.2352000000E+000                    22292
   7.3416000000E+000                    20171
   7.4480000000E+000                    17115
   7.5544000000E+000                    13256
   7.6608000000E+000                     9491
   7.7672000000E+000                     6635
   7.8736000000E+000                     4649
   7.9800000000E+000                     3047
   8.0864000000E+000                     2159
   8.1928000000E+000                     1506
   8.2992000000E+000                     1081
   8.4056000000E+000                      999
   8.5120000000E+000                      800
   8.6184000000E+000                      641
   8.7248000000E+000                      515
   8.8312000000E+000                      366
   8.9376000000E+000                      249
   9.0440000000E+000                      132
   9.1504000000E+000                       80
   9.2568000000E+000                       63
   9.3632000000E+000                       30
   9.4696000000E+000                       20
   9.5760000000E+000                       18
   9.6824000000E+000                       11
   9.7888000000E+000                        9
   9.8952000000E+000                       11
   1.0001600000E+001                        3
   1.0108000000E+001                        1
   1.0214400000E+001                        0
   1.0320800000E+001                        0
   1.0427200000E+001                        0
   1.0533600000E+001                        0
   1.0640000000E+001                        0
