   0.0000000000E+000                   183687
   1.0640000000E-001                   367092
   2.1280000000E-001                   368880
   3.1920000000E-001                   369012
   4.2560000000E-001                   369583
   5.3200000000E-001                   369768
   6.3840000000E-001                   369658
   7.4480000000E-001                   370976
   8.5120000000E-001                   372693
   9.5760000000E-001                   374095
   1.0640000000E+000                   373439
   1.1704000000E+000                   375288
   1.2768000000E+000                   375912
   1.3832000000E+000                   378674
   1.4896000000E+000                   380280
   1.5960000000E+000                   382542
   1.7024000000E+000                   384527
   1.8088000000E+000                   387658
   1.9152000000E+000                   389381
   2.0216000000E+000                   391457
   2.1280000000E+000                   395190
   2.2344000000E+000                   401097
   2.3408000000E+000                   405056
   2.4472000000E+000                   408610
   2.5536000000E+000                   416085
   2.6600000000E+000                   415293
   2.7664000000E+000                   395802
   2.8728000000E+000                   349324
   2.9792000000E+000                   300323
   3.0856000000E+000                   263968
   3.1920000000E+000                   238849
   3.2984000000E+000                   220966
   3.4048000000E+000                   209677
   3.5112000000E+000                   200217
   3.6176000000E+000                   194972
   3.7240000000E+000                   190944
   3.8304000000E+000                   187054
   3.9368000000E+000                   183458
   4.0432000000E+000                   180894
   4.1496000000E+000                   178126
   4.2560000000E+000                   175284
   4.3624000000E+000                   171415
   4.4688000000E+000                   169208
   4.5752000000E+000                   163434
   4.6816000000E+000                   158700
   4.7880000000E+000                   151421
   4.8944000000E+000                   142171
   5.0008000000E+000                   133401
   5.1072000000E+000                   123029
   5.2136000000E+000                   113891
   5.3200000000E+000                   104018
   5.4264000000E+000                    93785
   5.5328000000E+000                    84671
   5.6392000000E+000                    74729
   5.7456000000E+000                    67197
   5.8520000000E+000                    59406
   5.9584000000E+000                    52907
   6.0648000000E+000                    48339
   6.1712000000E+000                    43512
   6.2776000000E+000                    39575
   6.3840000000E+000                    36679
   6.4904000000E+000                    34061
   6.5968000000E+000                    31747
   6.7032000000E+000                    29675
   6.8096000000E+000                    27689
   6.9160000000E+000                    25847
   7.0224000000E+000                    23782
   7.1288000000E+000                    21890
   7.2352000000E+000                    19410
   7.3416000000E+000                    17464
   7.4480000000E+000                    15028
   7.5544000000E+000                    13398
   7.6608000000E+000                    11357
   7.7672000000E+000                     9804
   7.8736000000E+000                     8142
   7.9800000000E+000                     6650
   8.0864000000E+000                     5576
   8.1928000000E+000                     4486
   8.2992000000E+000                     3641
   8.4056000000E+000                     2874
   8.5120000000E+000                     2337
   8.6184000000E+000                     1860
   8.7248000000E+000                     1434
   8.8312000000E+000                     1158
   8.9376000000E+000                      962
   9.0440000000E+000                      660
   9.1504000000E+000                      485
   9.2568000000E+000                      365
   9.3632000000E+000                      266
   9.4696000000E+000                      239
   9.5760000000E+000                      156
   9.6824000000E+000                       94
   9.7888000000E+000                       86
   9.8952000000E+000                       38
   1.0001600000E+001                       33
   1.0108000000E+001                       14
   1.0214400000E+001                       11
   1.0320800000E+001                        2
   1.0427200000E+001                        0
   1.0533600000E+001                        0
   1.0640000000E+001                        0
