   0.0000000000E+000                        0
   1.0640000000E-001                        0
   2.1280000000E-001                        0
   3.1920000000E-001                        0
   4.2560000000E-001                        0
   5.3200000000E-001                        0
   6.3840000000E-001                        0
   7.4480000000E-001                        0
   8.5120000000E-001                        0
   9.5760000000E-001                        0
   1.0640000000E+000                        0
   1.1704000000E+000                        0
   1.2768000000E+000                        0
   1.3832000000E+000                        0
   1.4896000000E+000                        0
   1.5960000000E+000                        0
   1.7024000000E+000                        0
   1.8088000000E+000                        0
   1.9152000000E+000                        0
   2.0216000000E+000                        0
   2.1280000000E+000                        0
   2.2344000000E+000                        0
   2.3408000000E+000                        0
   2.4472000000E+000                        0
   2.5536000000E+000                      104
   2.6600000000E+000                    41304
   2.7664000000E+000                   574077
   2.8728000000E+000                  1629574
   2.9792000000E+000                  2019982
   3.0856000000E+000                  1645203
   3.1920000000E+000                  1086068
   3.2984000000E+000                   646129
   3.4048000000E+000                   359218
   3.5112000000E+000                   195092
   3.6176000000E+000                   101118
   3.7240000000E+000                    51831
   3.8304000000E+000                    25190
   3.9368000000E+000                    12237
   4.0432000000E+000                     5882
   4.1496000000E+000                     2755
   4.2560000000E+000                     1811
   4.3624000000E+000                     4115
   4.4688000000E+000                    24524
   4.5752000000E+000                   126116
   4.6816000000E+000                   404693
   4.7880000000E+000                   817436
   4.8944000000E+000                  1103769
   5.0008000000E+000                  1111721
   5.1072000000E+000                   922202
   5.2136000000E+000                   660027
   5.3200000000E+000                   414312
   5.4264000000E+000                   232647
   5.5328000000E+000                   157884
   5.6392000000E+000                   192366
   5.7456000000E+000                   246421
   5.8520000000E+000                   245994
   5.9584000000E+000                   206572
   6.0648000000E+000                   153206
   6.1712000000E+000                    95632
   6.2776000000E+000                    48613
   6.3840000000E+000                    20484
   6.4904000000E+000                     7470
   6.5968000000E+000                     2158
   6.7032000000E+000                      713
   6.8096000000E+000                      365
   6.9160000000E+000                      373
   7.0224000000E+000                      389
   7.1288000000E+000                      476
   7.2352000000E+000                      487
   7.3416000000E+000                      446
   7.4480000000E+000                      225
   7.5544000000E+000                      176
   7.6608000000E+000                       95
   7.7672000000E+000                       76
   7.8736000000E+000                       35
   7.9800000000E+000                       45
   8.0864000000E+000                       30
   8.1928000000E+000                       29
   8.2992000000E+000                       17
   8.4056000000E+000                       14
   8.5120000000E+000                       24
   8.6184000000E+000                       15
   8.7248000000E+000                       18
   8.8312000000E+000                       10
   8.9376000000E+000                        5
   9.0440000000E+000                        0
   9.1504000000E+000                        0
   9.2568000000E+000                        0
   9.3632000000E+000                        0
   9.4696000000E+000                        0
   9.5760000000E+000                        0
   9.6824000000E+000                        0
   9.7888000000E+000                        0
   9.8952000000E+000                        0
   1.0001600000E+001                        0
   1.0108000000E+001                        0
   1.0214400000E+001                        0
   1.0320800000E+001                        0
   1.0427200000E+001                        0
   1.0533600000E+001                        0
   1.0640000000E+001                        0
