   0.0000000000E+000                   217841
   1.0640000000E-001                   437962
   2.1280000000E-001                   437502
   3.1920000000E-001                   437189
   4.2560000000E-001                   438384
   5.3200000000E-001                   439550
   6.3840000000E-001                   436816
   7.4480000000E-001                   437981
   8.5120000000E-001                   437545
   9.5760000000E-001                   439257
   1.0640000000E+000                   440299
   1.1704000000E+000                   439246
   1.2768000000E+000                   440568
   1.3832000000E+000                   440564
   1.4896000000E+000                   439897
   1.5960000000E+000                   441422
   1.7024000000E+000                   441180
   1.8088000000E+000                   443280
   1.9152000000E+000                   442779
   2.0216000000E+000                   444345
   2.1280000000E+000                   446221
   2.2344000000E+000                   447229
   2.3408000000E+000                   448755
   2.4472000000E+000                   450228
   2.5536000000E+000                   453097
   2.6600000000E+000                   454049
   2.7664000000E+000                   429786
   2.8728000000E+000                   359299
   2.9792000000E+000                   277601
   3.0856000000E+000                   223262
   3.1920000000E+000                   192668
   3.2984000000E+000                   177367
   3.4048000000E+000                   167699
   3.5112000000E+000                   163386
   3.6176000000E+000                   160917
   3.7240000000E+000                   158569
   3.8304000000E+000                   157707
   3.9368000000E+000                   157482
   4.0432000000E+000                   157384
   4.1496000000E+000                   157657
   4.2560000000E+000                   157800
   4.3624000000E+000                   158269
   4.4688000000E+000                   155999
   4.5752000000E+000                   150868
   4.6816000000E+000                   140130
   4.7880000000E+000                   119549
   4.8944000000E+000                    94770
   5.0008000000E+000                    71550
   5.1072000000E+000                    54554
   5.2136000000E+000                    44207
   5.3200000000E+000                    38185
   5.4264000000E+000                    34187
   5.5328000000E+000                    30872
   5.6392000000E+000                    26331
   5.7456000000E+000                    19591
   5.8520000000E+000                    14076
   5.9584000000E+000                     9600
   6.0648000000E+000                     7272
   6.1712000000E+000                     5896
   6.2776000000E+000                     5251
   6.3840000000E+000                     5028
   6.4904000000E+000                     4710
   6.5968000000E+000                     4766
   6.7032000000E+000                     4709
   6.8096000000E+000                     4691
   6.9160000000E+000                     4569
   7.0224000000E+000                     4199
   7.1288000000E+000                     3603
   7.2352000000E+000                     2892
   7.3416000000E+000                     2217
   7.4480000000E+000                     1571
   7.5544000000E+000                     1108
   7.6608000000E+000                      842
   7.7672000000E+000                      563
   7.8736000000E+000                      420
   7.9800000000E+000                      276
   8.0864000000E+000                      225
   8.1928000000E+000                      169
   8.2992000000E+000                      169
   8.4056000000E+000                      109
   8.5120000000E+000                      101
   8.6184000000E+000                       76
   8.7248000000E+000                       33
   8.8312000000E+000                       10
   8.9376000000E+000                        9
   9.0440000000E+000                        4
   9.1504000000E+000                        0
   9.2568000000E+000                        0
   9.3632000000E+000                        3
   9.4696000000E+000                        1
   9.5760000000E+000                        0
   9.6824000000E+000                        0
   9.7888000000E+000                        0
   9.8952000000E+000                        0
   1.0001600000E+001                        0
   1.0108000000E+001                        0
   1.0214400000E+001                        0
   1.0320800000E+001                        0
   1.0427200000E+001                        0
   1.0533600000E+001                        0
   1.0640000000E+001                        0
