   0.0000000000E+000                   175906
   1.0640000000E-001                   352546
   2.1280000000E-001                   354849
   3.1920000000E-001                   354308
   4.2560000000E-001                   353585
   5.3200000000E-001                   355205
   6.3840000000E-001                   354502
   7.4480000000E-001                   356217
   8.5120000000E-001                   354131
   9.5760000000E-001                   355583
   1.0640000000E+000                   357213
   1.1704000000E+000                   356482
   1.2768000000E+000                   358421
   1.3832000000E+000                   359930
   1.4896000000E+000                   359929
   1.5960000000E+000                   361337
   1.7024000000E+000                   364536
   1.8088000000E+000                   364424
   1.9152000000E+000                   366738
   2.0216000000E+000                   368463
   2.1280000000E+000                   369403
   2.2344000000E+000                   371732
   2.3408000000E+000                   374544
   2.4472000000E+000                   378686
   2.5536000000E+000                   379492
   2.6600000000E+000                   374370
   2.7664000000E+000                   357268
   2.8728000000E+000                   330805
   2.9792000000E+000                   301925
   3.0856000000E+000                   277884
   3.1920000000E+000                   260226
   3.2984000000E+000                   245235
   3.4048000000E+000                   233280
   3.5112000000E+000                   224167
   3.6176000000E+000                   214581
   3.7240000000E+000                   208502
   3.8304000000E+000                   200980
   3.9368000000E+000                   195846
   4.0432000000E+000                   189979
   4.1496000000E+000                   185350
   4.2560000000E+000                   179835
   4.3624000000E+000                   173758
   4.4688000000E+000                   168407
   4.5752000000E+000                   163488
   4.6816000000E+000                   157671
   4.7880000000E+000                   151665
   4.8944000000E+000                   145813
   5.0008000000E+000                   138895
   5.1072000000E+000                   131492
   5.2136000000E+000                   125393
   5.3200000000E+000                   116837
   5.4264000000E+000                   109602
   5.5328000000E+000                   101101
   5.6392000000E+000                    93814
   5.7456000000E+000                    86524
   5.8520000000E+000                    78909
   5.9584000000E+000                    73346
   6.0648000000E+000                    67633
   6.1712000000E+000                    62778
   6.2776000000E+000                    58612
   6.3840000000E+000                    53993
   6.4904000000E+000                    49447
   6.5968000000E+000                    45601
   6.7032000000E+000                    42485
   6.8096000000E+000                    39768
   6.9160000000E+000                    36123
   7.0224000000E+000                    33093
   7.1288000000E+000                    30608
   7.2352000000E+000                    27748
   7.3416000000E+000                    25915
   7.4480000000E+000                    22719
   7.5544000000E+000                    20803
   7.6608000000E+000                    18444
   7.7672000000E+000                    16194
   7.8736000000E+000                    14519
   7.9800000000E+000                    12817
   8.0864000000E+000                    11117
   8.1928000000E+000                     9495
   8.2992000000E+000                     8330
   8.4056000000E+000                     7201
   8.5120000000E+000                     5931
   8.6184000000E+000                     4940
   8.7248000000E+000                     4074
   8.8312000000E+000                     3461
   8.9376000000E+000                     2774
   9.0440000000E+000                     2222
   9.1504000000E+000                     1631
   9.2568000000E+000                     1284
   9.3632000000E+000                     1002
   9.4696000000E+000                      692
   9.5760000000E+000                      513
   9.6824000000E+000                      390
   9.7888000000E+000                      220
   9.8952000000E+000                      154
   1.0001600000E+001                       83
   1.0108000000E+001                       43
   1.0214400000E+001                       24
   1.0320800000E+001                        5
   1.0427200000E+001                        4
   1.0533600000E+001                        0
   1.0640000000E+001                        0
