   0.0000000000E+000                   218585
   1.0640000000E-001                   437898
   2.1280000000E-001                   439053
   3.1920000000E-001                   435419
   4.2560000000E-001                   435265
   5.3200000000E-001                   432913
   6.3840000000E-001                   430491
   7.4480000000E-001                   427759
   8.5120000000E-001                   424869
   9.5760000000E-001                   421857
   1.0640000000E+000                   416032
   1.1704000000E+000                   411766
   1.2768000000E+000                   408556
   1.3832000000E+000                   403094
   1.4896000000E+000                   400439
   1.5960000000E+000                   396029
   1.7024000000E+000                   392064
   1.8088000000E+000                   387308
   1.9152000000E+000                   382373
   2.0216000000E+000                   379634
   2.1280000000E+000                   375953
   2.2344000000E+000                   371327
   2.3408000000E+000                   368063
   2.4472000000E+000                   365116
   2.5536000000E+000                   361142
   2.6600000000E+000                   357779
   2.7664000000E+000                   353771
   2.8728000000E+000                   345818
   2.9792000000E+000                   332073
   3.0856000000E+000                   310900
   3.1920000000E+000                   286214
   3.2984000000E+000                   263726
   3.4048000000E+000                   242235
   3.5112000000E+000                   223412
   3.6176000000E+000                   208169
   3.7240000000E+000                   194390
   3.8304000000E+000                   181065
   3.9368000000E+000                   171680
   4.0432000000E+000                   161798
   4.1496000000E+000                   153536
   4.2560000000E+000                   143583
   4.3624000000E+000                   136755
   4.4688000000E+000                   128975
   4.5752000000E+000                   122298
   4.6816000000E+000                   115309
   4.7880000000E+000                   108443
   4.8944000000E+000                   102796
   5.0008000000E+000                    96342
   5.1072000000E+000                    90587
   5.2136000000E+000                    84225
   5.3200000000E+000                    78780
   5.4264000000E+000                    72629
   5.5328000000E+000                    67177
   5.6392000000E+000                    61253
   5.7456000000E+000                    56244
   5.8520000000E+000                    50289
   5.9584000000E+000                    45113
   6.0648000000E+000                    40781
   6.1712000000E+000                    36157
   6.2776000000E+000                    32243
   6.3840000000E+000                    28482
   6.4904000000E+000                    25556
   6.5968000000E+000                    22341
   6.7032000000E+000                    19193
   6.8096000000E+000                    17287
   6.9160000000E+000                    15040
   7.0224000000E+000                    13263
   7.1288000000E+000                    11517
   7.2352000000E+000                    10287
   7.3416000000E+000                     8660
   7.4480000000E+000                     7609
   7.5544000000E+000                     6596
   7.6608000000E+000                     5685
   7.7672000000E+000                     4867
   7.8736000000E+000                     4270
   7.9800000000E+000                     3620
   8.0864000000E+000                     3036
   8.1928000000E+000                     2567
   8.2992000000E+000                     2095
   8.4056000000E+000                     1747
   8.5120000000E+000                     1501
   8.6184000000E+000                     1163
   8.7248000000E+000                      983
   8.8312000000E+000                      751
   8.9376000000E+000                      630
   9.0440000000E+000                      482
   9.1504000000E+000                      333
   9.2568000000E+000                      273
   9.3632000000E+000                      196
   9.4696000000E+000                      175
   9.5760000000E+000                       99
   9.6824000000E+000                       63
   9.7888000000E+000                       40
   9.8952000000E+000                       24
   1.0001600000E+001                       11
   1.0108000000E+001                        7
   1.0214400000E+001                        1
   1.0320800000E+001                        0
   1.0427200000E+001                        0
   1.0533600000E+001                        0
   1.0640000000E+001                        0
