   0.0000000000E+000                        0
   1.0640000000E-001                        0
   2.1280000000E-001                        0
   3.1920000000E-001                        0
   4.2560000000E-001                        0
   5.3200000000E-001                        0
   6.3840000000E-001                        0
   7.4480000000E-001                        0
   8.5120000000E-001                        0
   9.5760000000E-001                        0
   1.0640000000E+000                        0
   1.1704000000E+000                        0
   1.2768000000E+000                        0
   1.3832000000E+000                        0
   1.4896000000E+000                        0
   1.5960000000E+000                        0
   1.7024000000E+000                        0
   1.8088000000E+000                        0
   1.9152000000E+000                        0
   2.0216000000E+000                        0
   2.1280000000E+000                        0
   2.2344000000E+000                        0
   2.3408000000E+000                        0
   2.4472000000E+000                        3
   2.5536000000E+000                     3186
   2.6600000000E+000                   110937
   2.7664000000E+000                   620711
   2.8728000000E+000                  1230772
   2.9792000000E+000                  1399786
   3.0856000000E+000                  1190119
   3.1920000000E+000                   880157
   3.2984000000E+000                   614705
   3.4048000000E+000                   425698
   3.5112000000E+000                   304536
   3.6176000000E+000                   223331
   3.7240000000E+000                   171027
   3.8304000000E+000                   139371
   3.9368000000E+000                   119787
   4.0432000000E+000                   107420
   4.1496000000E+000                   105442
   4.2560000000E+000                   111077
   4.3624000000E+000                   127315
   4.4688000000E+000                   161538
   4.5752000000E+000                   228985
   4.6816000000E+000                   331851
   4.7880000000E+000                   454070
   4.8944000000E+000                   558791
   5.0008000000E+000                   614164
   5.1072000000E+000                   607549
   5.2136000000E+000                   554065
   5.3200000000E+000                   483339
   5.4264000000E+000                   415259
   5.5328000000E+000                   373037
   5.6392000000E+000                   353976
   5.7456000000E+000                   336123
   5.8520000000E+000                   306062
   5.9584000000E+000                   262144
   6.0648000000E+000                   216025
   6.1712000000E+000                   172466
   6.2776000000E+000                   134848
   6.3840000000E+000                   105836
   6.4904000000E+000                    85694
   6.5968000000E+000                    72247
   6.7032000000E+000                    66133
   6.8096000000E+000                    65531
   6.9160000000E+000                    68844
   7.0224000000E+000                    74025
   7.1288000000E+000                    78750
   7.2352000000E+000                    80036
   7.3416000000E+000                    78228
   7.4480000000E+000                    72952
   7.5544000000E+000                    63770
   7.6608000000E+000                    53171
   7.7672000000E+000                    42542
   7.8736000000E+000                    32997
   7.9800000000E+000                    24916
   8.0864000000E+000                    18828
   8.1928000000E+000                    14213
   8.2992000000E+000                    10790
   8.4056000000E+000                     8586
   8.5120000000E+000                     6909
   8.6184000000E+000                     5616
   8.7248000000E+000                     4529
   8.8312000000E+000                     3711
   8.9376000000E+000                     2650
   9.0440000000E+000                     2156
   9.1504000000E+000                     1687
   9.2568000000E+000                     1318
   9.3632000000E+000                     1075
   9.4696000000E+000                      766
   9.5760000000E+000                      611
   9.6824000000E+000                      415
   9.7888000000E+000                      331
   9.8952000000E+000                      224
   1.0001600000E+001                      143
   1.0108000000E+001                       54
   1.0214400000E+001                       35
   1.0320800000E+001                        5
   1.0427200000E+001                        4
   1.0533600000E+001                        0
   1.0640000000E+001                        0
