   0.0000000000E+000                        0
   1.0640000000E-001                        0
   2.1280000000E-001                        0
   3.1920000000E-001                        0
   4.2560000000E-001                        0
   5.3200000000E-001                        0
   6.3840000000E-001                        0
   7.4480000000E-001                        0
   8.5120000000E-001                        0
   9.5760000000E-001                        0
   1.0640000000E+000                        0
   1.1704000000E+000                        0
   1.2768000000E+000                        0
   1.3832000000E+000                        0
   1.4896000000E+000                        0
   1.5960000000E+000                        0
   1.7024000000E+000                        0
   1.8088000000E+000                        0
   1.9152000000E+000                        3
   2.0216000000E+000                        0
   2.1280000000E+000                        0
   2.2344000000E+000                        0
   2.3408000000E+000                       23
   2.4472000000E+000                     2731
   2.5536000000E+000                    37023
   2.6600000000E+000                   157826
   2.7664000000E+000                   324671
   2.8728000000E+000                   445123
   2.9792000000E+000                   485069
   3.0856000000E+000                   469907
   3.1920000000E+000                   434593
   3.2984000000E+000                   391406
   3.4048000000E+000                   354280
   3.5112000000E+000                   327436
   3.6176000000E+000                   303717
   3.7240000000E+000                   284036
   3.8304000000E+000                   271653
   3.9368000000E+000                   262875
   4.0432000000E+000                   256907
   4.1496000000E+000                   253928
   4.2560000000E+000                   255524
   4.3624000000E+000                   254277
   4.4688000000E+000                   257881
   4.5752000000E+000                   262972
   4.6816000000E+000                   269529
   4.7880000000E+000                   275594
   4.8944000000E+000                   286929
   5.0008000000E+000                   296177
   5.1072000000E+000                   306624
   5.2136000000E+000                   316599
   5.3200000000E+000                   327946
   5.4264000000E+000                   335081
   5.5328000000E+000                   340664
   5.6392000000E+000                   341469
   5.7456000000E+000                   339084
   5.8520000000E+000                   333346
   5.9584000000E+000                   325410
   6.0648000000E+000                   313696
   6.1712000000E+000                   302708
   6.2776000000E+000                   290832
   6.3840000000E+000                   279645
   6.4904000000E+000                   268353
   6.5968000000E+000                   256876
   6.7032000000E+000                   245857
   6.8096000000E+000                   236429
   6.9160000000E+000                   226577
   7.0224000000E+000                   217672
   7.1288000000E+000                   208782
   7.2352000000E+000                   200393
   7.3416000000E+000                   193569
   7.4480000000E+000                   183593
   7.5544000000E+000                   176264
   7.6608000000E+000                   168580
   7.7672000000E+000                   160302
   7.8736000000E+000                   151817
   7.9800000000E+000                   143551
   8.0864000000E+000                   134318
   8.1928000000E+000                   126176
   8.2992000000E+000                   116440
   8.4056000000E+000                   107487
   8.5120000000E+000                    98895
   8.6184000000E+000                    90608
   8.7248000000E+000                    80739
   8.8312000000E+000                    72859
   8.9376000000E+000                    64287
   9.0440000000E+000                    57011
   9.1504000000E+000                    48769
   9.2568000000E+000                    41683
   9.3632000000E+000                    35280
   9.4696000000E+000                    29315
   9.5760000000E+000                    23507
   9.6824000000E+000                    18402
   9.7888000000E+000                    14001
   9.8952000000E+000                    10044
   1.0001600000E+001                     7060
   1.0108000000E+001                     4506
   1.0214400000E+001                     2620
   1.0320800000E+001                     1447
   1.0427200000E+001                      579
   1.0533600000E+001                      151
   1.0640000000E+001                        7
