   0.0000000000E+000                   185728
   1.0640000000E-001                   370407
   2.1280000000E-001                   372069
   3.1920000000E-001                   372037
   4.2560000000E-001                   372117
   5.3200000000E-001                   373961
   6.3840000000E-001                   373681
   7.4480000000E-001                   375576
   8.5120000000E-001                   376715
   9.5760000000E-001                   379765
   1.0640000000E+000                   379970
   1.1704000000E+000                   380809
   1.2768000000E+000                   383709
   1.3832000000E+000                   383471
   1.4896000000E+000                   387189
   1.5960000000E+000                   387690
   1.7024000000E+000                   389297
   1.8088000000E+000                   393252
   1.9152000000E+000                   396378
   2.0216000000E+000                   399747
   2.1280000000E+000                   400957
   2.2344000000E+000                   403935
   2.3408000000E+000                   409241
   2.4472000000E+000                   415248
   2.5536000000E+000                   421135
   2.6600000000E+000                   425249
   2.7664000000E+000                   403160
   2.8728000000E+000                   351899
   2.9792000000E+000                   298353
   3.0856000000E+000                   257344
   3.1920000000E+000                   230896
   3.2984000000E+000                   214884
   3.4048000000E+000                   203029
   3.5112000000E+000                   196919
   3.6176000000E+000                   191258
   3.7240000000E+000                   187869
   3.8304000000E+000                   184261
   3.9368000000E+000                   181327
   4.0432000000E+000                   178795
   4.1496000000E+000                   178182
   4.2560000000E+000                   177066
   4.3624000000E+000                   173441
   4.4688000000E+000                   169864
   4.5752000000E+000                   165450
   4.6816000000E+000                   159222
   4.7880000000E+000                   151121
   4.8944000000E+000                   141524
   5.0008000000E+000                   129971
   5.1072000000E+000                   118820
   5.2136000000E+000                   107979
   5.3200000000E+000                    98649
   5.4264000000E+000                    89080
   5.5328000000E+000                    79577
   5.6392000000E+000                    70477
   5.7456000000E+000                    61989
   5.8520000000E+000                    54013
   5.9584000000E+000                    47694
   6.0648000000E+000                    42895
   6.1712000000E+000                    39662
   6.2776000000E+000                    35930
   6.3840000000E+000                    33081
   6.4904000000E+000                    30740
   6.5968000000E+000                    28956
   6.7032000000E+000                    27281
   6.8096000000E+000                    25381
   6.9160000000E+000                    24117
   7.0224000000E+000                    22112
   7.1288000000E+000                    20247
   7.2352000000E+000                    17568
   7.3416000000E+000                    15558
   7.4480000000E+000                    13677
   7.5544000000E+000                    11332
   7.6608000000E+000                     9378
   7.7672000000E+000                     7716
   7.8736000000E+000                     6261
   7.9800000000E+000                     5238
   8.0864000000E+000                     4155
   8.1928000000E+000                     3436
   8.2992000000E+000                     2643
   8.4056000000E+000                     2063
   8.5120000000E+000                     1671
   8.6184000000E+000                     1359
   8.7248000000E+000                      986
   8.8312000000E+000                      752
   8.9376000000E+000                      657
   9.0440000000E+000                      497
   9.1504000000E+000                      337
   9.2568000000E+000                      250
   9.3632000000E+000                      205
   9.4696000000E+000                      139
   9.5760000000E+000                      108
   9.6824000000E+000                       72
   9.7888000000E+000                       41
   9.8952000000E+000                       32
   1.0001600000E+001                       13
   1.0108000000E+001                        6
   1.0214400000E+001                        2
   1.0320800000E+001                        0
   1.0427200000E+001                        0
   1.0533600000E+001                        0
   1.0640000000E+001                        0
