   0.0000000000E+000                        0
   1.0640000000E-001                        0
   2.1280000000E-001                        0
   3.1920000000E-001                        0
   4.2560000000E-001                        0
   5.3200000000E-001                        0
   6.3840000000E-001                        0
   7.4480000000E-001                        0
   8.5120000000E-001                        0
   9.5760000000E-001                        0
   1.0640000000E+000                        0
   1.1704000000E+000                        0
   1.2768000000E+000                        0
   1.3832000000E+000                        0
   1.4896000000E+000                        0
   1.5960000000E+000                        0
   1.7024000000E+000                        0
   1.8088000000E+000                        0
   1.9152000000E+000                        0
   2.0216000000E+000                        0
   2.1280000000E+000                        0
   2.2344000000E+000                        0
   2.3408000000E+000                        0
   2.4472000000E+000                        0
   2.5536000000E+000                     1705
   2.6600000000E+000                    91123
   2.7664000000E+000                   619940
   2.8728000000E+000                  1338111
   2.9792000000E+000                  1573184
   3.0856000000E+000                  1346332
   3.1920000000E+000                   978245
   3.2984000000E+000                   659178
   3.4048000000E+000                   437357
   3.5112000000E+000                   294411
   3.6176000000E+000                   203409
   3.7240000000E+000                   143495
   3.8304000000E+000                   106190
   3.9368000000E+000                    81699
   4.0432000000E+000                    67119
   4.1496000000E+000                    60350
   4.2560000000E+000                    61338
   4.3624000000E+000                    73385
   4.4688000000E+000                   110988
   4.5752000000E+000                   200197
   4.6816000000E+000                   353070
   4.7880000000E+000                   546626
   4.8944000000E+000                   702710
   5.0008000000E+000                   768631
   5.1072000000E+000                   735013
   5.2136000000E+000                   633760
   5.3200000000E+000                   507111
   5.4264000000E+000                   392490
   5.5328000000E+000                   322236
   5.6392000000E+000                   300462
   5.7456000000E+000                   294233
   5.8520000000E+000                   278102
   5.9584000000E+000                   243246
   6.0648000000E+000                   197486
   6.1712000000E+000                   150272
   6.2776000000E+000                   107413
   6.3840000000E+000                    75451
   6.4904000000E+000                    52861
   6.5968000000E+000                    40030
   6.7032000000E+000                    33379
   6.8096000000E+000                    32558
   6.9160000000E+000                    35999
   7.0224000000E+000                    41494
   7.1288000000E+000                    45963
   7.2352000000E+000                    46318
   7.3416000000E+000                    43693
   7.4480000000E+000                    38212
   7.5544000000E+000                    31916
   7.6608000000E+000                    25359
   7.7672000000E+000                    19287
   7.8736000000E+000                    14386
   7.9800000000E+000                    10319
   8.0864000000E+000                     7434
   8.1928000000E+000                     5262
   8.2992000000E+000                     4240
   8.4056000000E+000                     3436
   8.5120000000E+000                     2735
   8.6184000000E+000                     2154
   8.7248000000E+000                     1761
   8.8312000000E+000                     1401
   8.9376000000E+000                      942
   9.0440000000E+000                      700
   9.1504000000E+000                      564
   9.2568000000E+000                      442
   9.3632000000E+000                      354
   9.4696000000E+000                      275
   9.5760000000E+000                      198
   9.6824000000E+000                      169
   9.7888000000E+000                       63
   9.8952000000E+000                       26
   1.0001600000E+001                        2
   1.0108000000E+001                        0
   1.0214400000E+001                        0
   1.0320800000E+001                        0
   1.0427200000E+001                        0
   1.0533600000E+001                        0
   1.0640000000E+001                        0
