   0.0000000000E+000                   176753
   1.0640000000E-001                   356771
   2.1280000000E-001                   354509
   3.1920000000E-001                   356579
   4.2560000000E-001                   357054
   5.3200000000E-001                   356679
   6.3840000000E-001                   357396
   7.4480000000E-001                   359604
   8.5120000000E-001                   359241
   9.5760000000E-001                   361304
   1.0640000000E+000                   360667
   1.1704000000E+000                   361022
   1.2768000000E+000                   362376
   1.3832000000E+000                   363136
   1.4896000000E+000                   364634
   1.5960000000E+000                   365624
   1.7024000000E+000                   367440
   1.8088000000E+000                   369829
   1.9152000000E+000                   370090
   2.0216000000E+000                   371917
   2.1280000000E+000                   374742
   2.2344000000E+000                   377183
   2.3408000000E+000                   379733
   2.4472000000E+000                   382668
   2.5536000000E+000                   386194
   2.6600000000E+000                   382376
   2.7664000000E+000                   364177
   2.8728000000E+000                   335038
   2.9792000000E+000                   305359
   3.0856000000E+000                   278137
   3.1920000000E+000                   256376
   3.2984000000E+000                   241887
   3.4048000000E+000                   228792
   3.5112000000E+000                   219690
   3.6176000000E+000                   212385
   3.7240000000E+000                   204167
   3.8304000000E+000                   199300
   3.9368000000E+000                   193282
   4.0432000000E+000                   187609
   4.1496000000E+000                   183474
   4.2560000000E+000                   177720
   4.3624000000E+000                   173456
   4.4688000000E+000                   168258
   4.5752000000E+000                   162796
   4.6816000000E+000                   157078
   4.7880000000E+000                   152212
   4.8944000000E+000                   144371
   5.0008000000E+000                   138538
   5.1072000000E+000                   130726
   5.2136000000E+000                   122183
   5.3200000000E+000                   114548
   5.4264000000E+000                   105994
   5.5328000000E+000                    98785
   5.6392000000E+000                    90435
   5.7456000000E+000                    82236
   5.8520000000E+000                    76179
   5.9584000000E+000                    68666
   6.0648000000E+000                    63781
   6.1712000000E+000                    58443
   6.2776000000E+000                    54162
   6.3840000000E+000                    50209
   6.4904000000E+000                    46496
   6.5968000000E+000                    42882
   6.7032000000E+000                    39696
   6.8096000000E+000                    36967
   6.9160000000E+000                    33758
   7.0224000000E+000                    31280
   7.1288000000E+000                    28507
   7.2352000000E+000                    26067
   7.3416000000E+000                    23592
   7.4480000000E+000                    21474
   7.5544000000E+000                    19486
   7.6608000000E+000                    16902
   7.7672000000E+000                    14957
   7.8736000000E+000                    13169
   7.9800000000E+000                    11564
   8.0864000000E+000                    10047
   8.1928000000E+000                     8572
   8.2992000000E+000                     7152
   8.4056000000E+000                     6063
   8.5120000000E+000                     5122
   8.6184000000E+000                     4282
   8.7248000000E+000                     3619
   8.8312000000E+000                     2927
   8.9376000000E+000                     2316
   9.0440000000E+000                     1785
   9.1504000000E+000                     1463
   9.2568000000E+000                     1182
   9.3632000000E+000                      910
   9.4696000000E+000                      617
   9.5760000000E+000                      430
   9.6824000000E+000                      313
   9.7888000000E+000                      170
   9.8952000000E+000                      139
   1.0001600000E+001                       67
   1.0108000000E+001                       29
   1.0214400000E+001                       20
   1.0320800000E+001                        3
   1.0427200000E+001                        5
   1.0533600000E+001                        0
   1.0640000000E+001                        0
