   0.0000000000E+000                        0
   1.0640000000E-001                        0
   2.1280000000E-001                        0
   3.1920000000E-001                        0
   4.2560000000E-001                        0
   5.3200000000E-001                        0
   6.3840000000E-001                        0
   7.4480000000E-001                        0
   8.5120000000E-001                        0
   9.5760000000E-001                        0
   1.0640000000E+000                        0
   1.1704000000E+000                        0
   1.2768000000E+000                        0
   1.3832000000E+000                        0
   1.4896000000E+000                        0
   1.5960000000E+000                        0
   1.7024000000E+000                        0
   1.8088000000E+000                        0
   1.9152000000E+000                        0
   2.0216000000E+000                        0
   2.1280000000E+000                        0
   2.2344000000E+000                        0
   2.3408000000E+000                        0
   2.4472000000E+000                        0
   2.5536000000E+000                      327
   2.6600000000E+000                    50989
   2.7664000000E+000                   586171
   2.8728000000E+000                  1570535
   2.9792000000E+000                  1939170
   3.0856000000E+000                  1611908
   3.1920000000E+000                  1086532
   3.2984000000E+000                   665232
   3.4048000000E+000                   385533
   3.5112000000E+000                   218876
   3.6176000000E+000                   122838
   3.7240000000E+000                    66707
   3.8304000000E+000                    36802
   3.9368000000E+000                    20061
   4.0432000000E+000                    11088
   4.1496000000E+000                     6588
   4.2560000000E+000                     5009
   4.3624000000E+000                     8145
   4.4688000000E+000                    32925
   4.5752000000E+000                   135620
   4.6816000000E+000                   394051
   4.7880000000E+000                   761037
   4.8944000000E+000                  1035792
   5.0008000000E+000                  1071747
   5.1072000000E+000                   916376
   5.2136000000E+000                   677976
   5.3200000000E+000                   445952
   5.4264000000E+000                   265738
   5.5328000000E+000                   182782
   5.6392000000E+000                   200290
   5.7456000000E+000                   242632
   5.8520000000E+000                   245893
   5.9584000000E+000                   211734
   6.0648000000E+000                   159860
   6.1712000000E+000                   104578
   6.2776000000E+000                    57055
   6.3840000000E+000                    26874
   6.4904000000E+000                    11145
   6.5968000000E+000                     4346
   6.7032000000E+000                     2194
   6.8096000000E+000                     1780
   6.9160000000E+000                     2075
   7.0224000000E+000                     2336
   7.1288000000E+000                     2829
   7.2352000000E+000                     2903
   7.3416000000E+000                     2490
   7.4480000000E+000                     1918
   7.5544000000E+000                     1295
   7.6608000000E+000                      930
   7.7672000000E+000                      683
   7.8736000000E+000                      523
   7.9800000000E+000                      408
   8.0864000000E+000                      289
   8.1928000000E+000                      203
   8.2992000000E+000                      101
   8.4056000000E+000                       51
   8.5120000000E+000                       32
   8.6184000000E+000                       13
   8.7248000000E+000                       17
   8.8312000000E+000                       11
   8.9376000000E+000                        3
   9.0440000000E+000                        2
   9.1504000000E+000                        0
   9.2568000000E+000                        0
   9.3632000000E+000                        0
   9.4696000000E+000                        0
   9.5760000000E+000                        0
   9.6824000000E+000                        0
   9.7888000000E+000                        0
   9.8952000000E+000                        0
   1.0001600000E+001                        0
   1.0108000000E+001                        0
   1.0214400000E+001                        0
   1.0320800000E+001                        0
   1.0427200000E+001                        0
   1.0533600000E+001                        0
   1.0640000000E+001                        0
