   0.0000000000E+000                   235955
   1.0640000000E-001                   469601
   2.1280000000E-001                   467483
   3.1920000000E-001                   467199
   4.2560000000E-001                   464018
   5.3200000000E-001                   459656
   6.3840000000E-001                   458843
   7.4480000000E-001                   452799
   8.5120000000E-001                   448675
   9.5760000000E-001                   445077
   1.0640000000E+000                   438790
   1.1704000000E+000                   434408
   1.2768000000E+000                   428066
   1.3832000000E+000                   422830
   1.4896000000E+000                   416575
   1.5960000000E+000                   411717
   1.7024000000E+000                   406279
   1.8088000000E+000                   402071
   1.9152000000E+000                   397789
   2.0216000000E+000                   395001
   2.1280000000E+000                   387032
   2.2344000000E+000                   384520
   2.3408000000E+000                   380869
   2.4472000000E+000                   376590
   2.5536000000E+000                   372944
   2.6600000000E+000                   367999
   2.7664000000E+000                   362660
   2.8728000000E+000                   356272
   2.9792000000E+000                   339828
   3.0856000000E+000                   314812
   3.1920000000E+000                   284514
   3.2984000000E+000                   256395
   3.4048000000E+000                   229823
   3.5112000000E+000                   207865
   3.6176000000E+000                   191982
   3.7240000000E+000                   177785
   3.8304000000E+000                   164527
   3.9368000000E+000                   153902
   4.0432000000E+000                   144805
   4.1496000000E+000                   135432
   4.2560000000E+000                   127221
   4.3624000000E+000                   119098
   4.4688000000E+000                   111733
   4.5752000000E+000                   105230
   4.6816000000E+000                    98540
   4.7880000000E+000                    93017
   4.8944000000E+000                    87516
   5.0008000000E+000                    80729
   5.1072000000E+000                    75026
   5.2136000000E+000                    68999
   5.3200000000E+000                    63031
   5.4264000000E+000                    57591
   5.5328000000E+000                    52270
   5.6392000000E+000                    47416
   5.7456000000E+000                    41887
   5.8520000000E+000                    36825
   5.9584000000E+000                    32218
   6.0648000000E+000                    28429
   6.1712000000E+000                    24362
   6.2776000000E+000                    20810
   6.3840000000E+000                    17807
   6.4904000000E+000                    15209
   6.5968000000E+000                    12808
   6.7032000000E+000                    11151
   6.8096000000E+000                     9333
   6.9160000000E+000                     7906
   7.0224000000E+000                     6862
   7.1288000000E+000                     5598
   7.2352000000E+000                     4793
   7.3416000000E+000                     4171
   7.4480000000E+000                     3447
   7.5544000000E+000                     2878
   7.6608000000E+000                     2450
   7.7672000000E+000                     2124
   7.8736000000E+000                     1574
   7.9800000000E+000                     1361
   8.0864000000E+000                     1137
   8.1928000000E+000                      939
   8.2992000000E+000                      735
   8.4056000000E+000                      529
   8.5120000000E+000                      478
   8.6184000000E+000                      380
   8.7248000000E+000                      246
   8.8312000000E+000                      215
   8.9376000000E+000                      177
   9.0440000000E+000                      123
   9.1504000000E+000                       92
   9.2568000000E+000                       53
   9.3632000000E+000                       24
   9.4696000000E+000                       27
   9.5760000000E+000                       15
   9.6824000000E+000                        9
   9.7888000000E+000                        5
   9.8952000000E+000                        5
   1.0001600000E+001                        3
   1.0108000000E+001                        0
   1.0214400000E+001                        0
   1.0320800000E+001                        0
   1.0427200000E+001                        0
   1.0533600000E+001                        0
   1.0640000000E+001                        0
