   0.0000000000E+000                   209169
   1.0640000000E-001                   418077
   2.1280000000E-001                   419863
   3.1920000000E-001                   418507
   4.2560000000E-001                   418818
   5.3200000000E-001                   420539
   6.3840000000E-001                   419371
   7.4480000000E-001                   419555
   8.5120000000E-001                   418082
   9.5760000000E-001                   417681
   1.0640000000E+000                   415826
   1.1704000000E+000                   414691
   1.2768000000E+000                   415178
   1.3832000000E+000                   415494
   1.4896000000E+000                   415429
   1.5960000000E+000                   413530
   1.7024000000E+000                   413625
   1.8088000000E+000                   415787
   1.9152000000E+000                   414807
   2.0216000000E+000                   416812
   2.1280000000E+000                   415626
   2.2344000000E+000                   418542
   2.3408000000E+000                   416789
   2.4472000000E+000                   416104
   2.5536000000E+000                   414808
   2.6600000000E+000                   415430
   2.7664000000E+000                   416822
   2.8728000000E+000                   417554
   2.9792000000E+000                   404934
   3.0856000000E+000                   356216
   3.1920000000E+000                   290580
   3.2984000000E+000                   230076
   3.4048000000E+000                   190305
   3.5112000000E+000                   165141
   3.6176000000E+000                   151448
   3.7240000000E+000                   146124
   3.8304000000E+000                   142804
   3.9368000000E+000                   141981
   4.0432000000E+000                   141556
   4.1496000000E+000                   142350
   4.2560000000E+000                   140693
   4.3624000000E+000                   141034
   4.4688000000E+000                   142165
   4.5752000000E+000                   141634
   4.6816000000E+000                   143388
   4.7880000000E+000                   143898
   4.8944000000E+000                   143287
   5.0008000000E+000                   140226
   5.1072000000E+000                   127159
   5.2136000000E+000                   101550
   5.3200000000E+000                    70802
   5.4264000000E+000                    45058
   5.5328000000E+000                    30779
   5.6392000000E+000                    25039
   5.7456000000E+000                    22621
   5.8520000000E+000                    21769
   5.9584000000E+000                    20583
   6.0648000000E+000                    16766
   6.1712000000E+000                     9749
   6.2776000000E+000                     4072
   6.3840000000E+000                     1290
   6.4904000000E+000                      323
   6.5968000000E+000                       76
   6.7032000000E+000                        8
   6.8096000000E+000                        0
   6.9160000000E+000                        0
   7.0224000000E+000                        0
   7.1288000000E+000                        0
   7.2352000000E+000                        0
   7.3416000000E+000                        0
   7.4480000000E+000                        0
   7.5544000000E+000                        0
   7.6608000000E+000                        0
   7.7672000000E+000                        0
   7.8736000000E+000                        0
   7.9800000000E+000                        0
   8.0864000000E+000                        0
   8.1928000000E+000                        0
   8.2992000000E+000                        0
   8.4056000000E+000                        0
   8.5120000000E+000                        0
   8.6184000000E+000                        0
   8.7248000000E+000                        0
   8.8312000000E+000                        0
   8.9376000000E+000                        0
   9.0440000000E+000                        0
   9.1504000000E+000                        0
   9.2568000000E+000                        0
   9.3632000000E+000                        0
   9.4696000000E+000                        0
   9.5760000000E+000                        0
   9.6824000000E+000                        0
   9.7888000000E+000                        0
   9.8952000000E+000                        0
   1.0001600000E+001                        0
   1.0108000000E+001                        0
   1.0214400000E+001                        0
   1.0320800000E+001                        0
   1.0427200000E+001                        0
   1.0533600000E+001                        0
   1.0640000000E+001                        0
