   0.0000000000E+000                   211918
   1.0640000000E-001                   424459
   2.1280000000E-001                   425493
   3.1920000000E-001                   423475
   4.2560000000E-001                   420850
   5.3200000000E-001                   418500
   6.3840000000E-001                   416668
   7.4480000000E-001                   414225
   8.5120000000E-001                   411174
   9.5760000000E-001                   408708
   1.0640000000E+000                   404627
   1.1704000000E+000                   400639
   1.2768000000E+000                   397841
   1.3832000000E+000                   395332
   1.4896000000E+000                   391985
   1.5960000000E+000                   387625
   1.7024000000E+000                   382647
   1.8088000000E+000                   378545
   1.9152000000E+000                   375460
   2.0216000000E+000                   371625
   2.1280000000E+000                   368814
   2.2344000000E+000                   364780
   2.3408000000E+000                   360579
   2.4472000000E+000                   358232
   2.5536000000E+000                   355365
   2.6600000000E+000                   352109
   2.7664000000E+000                   349200
   2.8728000000E+000                   342344
   2.9792000000E+000                   329265
   3.0856000000E+000                   311121
   3.1920000000E+000                   289674
   3.2984000000E+000                   265807
   3.4048000000E+000                   247417
   3.5112000000E+000                   229679
   3.6176000000E+000                   215426
   3.7240000000E+000                   201238
   3.8304000000E+000                   189909
   3.9368000000E+000                   179816
   4.0432000000E+000                   170389
   4.1496000000E+000                   160605
   4.2560000000E+000                   151718
   4.3624000000E+000                   144615
   4.4688000000E+000                   136728
   4.5752000000E+000                   130017
   4.6816000000E+000                   123736
   4.7880000000E+000                   116209
   4.8944000000E+000                   110485
   5.0008000000E+000                   103260
   5.1072000000E+000                    97080
   5.2136000000E+000                    91936
   5.3200000000E+000                    85569
   5.4264000000E+000                    79808
   5.5328000000E+000                    73757
   5.6392000000E+000                    68788
   5.7456000000E+000                    63014
   5.8520000000E+000                    57769
   5.9584000000E+000                    52718
   6.0648000000E+000                    47614
   6.1712000000E+000                    42862
   6.2776000000E+000                    38040
   6.3840000000E+000                    34605
   6.4904000000E+000                    30953
   6.5968000000E+000                    27431
   6.7032000000E+000                    24570
   6.8096000000E+000                    21977
   6.9160000000E+000                    19399
   7.0224000000E+000                    17062
   7.1288000000E+000                    14993
   7.2352000000E+000                    13358
   7.3416000000E+000                    11587
   7.4480000000E+000                     9937
   7.5544000000E+000                     8578
   7.6608000000E+000                     7495
   7.7672000000E+000                     6657
   7.8736000000E+000                     5483
   7.9800000000E+000                     4806
   8.0864000000E+000                     4052
   8.1928000000E+000                     3412
   8.2992000000E+000                     2863
   8.4056000000E+000                     2386
   8.5120000000E+000                     1995
   8.6184000000E+000                     1661
   8.7248000000E+000                     1264
   8.8312000000E+000                     1049
   8.9376000000E+000                      829
   9.0440000000E+000                      646
   9.1504000000E+000                      509
   9.2568000000E+000                      366
   9.3632000000E+000                      254
   9.4696000000E+000                      185
   9.5760000000E+000                      124
   9.6824000000E+000                       85
   9.7888000000E+000                       72
   9.8952000000E+000                       38
   1.0001600000E+001                       13
   1.0108000000E+001                       13
   1.0214400000E+001                        4
   1.0320800000E+001                        1
   1.0427200000E+001                        0
   1.0533600000E+001                        0
   1.0640000000E+001                        0
