   0.0000000000E+000                   224130
   1.0640000000E-001                   448358
   2.1280000000E-001                   449923
   3.1920000000E-001                   449858
   4.2560000000E-001                   450874
   5.3200000000E-001                   449510
   6.3840000000E-001                   450076
   7.4480000000E-001                   450187
   8.5120000000E-001                   449111
   9.5760000000E-001                   450071
   1.0640000000E+000                   449505
   1.1704000000E+000                   449729
   1.2768000000E+000                   447992
   1.3832000000E+000                   449527
   1.4896000000E+000                   450677
   1.5960000000E+000                   450601
   1.7024000000E+000                   450925
   1.8088000000E+000                   451058
   1.9152000000E+000                   453042
   2.0216000000E+000                   451619
   2.1280000000E+000                   453788
   2.2344000000E+000                   452960
   2.3408000000E+000                   454293
   2.4472000000E+000                   455065
   2.5536000000E+000                   454844
   2.6600000000E+000                   453914
   2.7664000000E+000                   430409
   2.8728000000E+000                   356806
   2.9792000000E+000                   274198
   3.0856000000E+000                   217360
   3.1920000000E+000                   186112
   3.2984000000E+000                   170652
   3.4048000000E+000                   162004
   3.5112000000E+000                   157605
   3.6176000000E+000                   156415
   3.7240000000E+000                   155689
   3.8304000000E+000                   153908
   3.9368000000E+000                   154591
   4.0432000000E+000                   153513
   4.1496000000E+000                   154282
   4.2560000000E+000                   153695
   4.3624000000E+000                   154080
   4.4688000000E+000                   151886
   4.5752000000E+000                   147824
   4.6816000000E+000                   135228
   4.7880000000E+000                   112202
   4.8944000000E+000                    83861
   5.0008000000E+000                    59049
   5.1072000000E+000                    42610
   5.2136000000E+000                    33203
   5.3200000000E+000                    28509
   5.4264000000E+000                    25956
   5.5328000000E+000                    23426
   5.6392000000E+000                    18854
   5.7456000000E+000                    13070
   5.8520000000E+000                     7813
   5.9584000000E+000                     4410
   6.0648000000E+000                     2723
   6.1712000000E+000                     1887
   6.2776000000E+000                     1562
   6.3840000000E+000                     1382
   6.4904000000E+000                     1456
   6.5968000000E+000                     1389
   6.7032000000E+000                     1292
   6.8096000000E+000                     1367
   6.9160000000E+000                     1393
   7.0224000000E+000                     1282
   7.1288000000E+000                      940
   7.2352000000E+000                      828
   7.3416000000E+000                      581
   7.4480000000E+000                      451
   7.5544000000E+000                      252
   7.6608000000E+000                      126
   7.7672000000E+000                       87
   7.8736000000E+000                       52
   7.9800000000E+000                       38
   8.0864000000E+000                       13
   8.1928000000E+000                       16
   8.2992000000E+000                       14
   8.4056000000E+000                        9
   8.5120000000E+000                        3
   8.6184000000E+000                        0
   8.7248000000E+000                        0
   8.8312000000E+000                        0
   8.9376000000E+000                        0
   9.0440000000E+000                        0
   9.1504000000E+000                        0
   9.2568000000E+000                        0
   9.3632000000E+000                        0
   9.4696000000E+000                        0
   9.5760000000E+000                        0
   9.6824000000E+000                        0
   9.7888000000E+000                        0
   9.8952000000E+000                        0
   1.0001600000E+001                        0
   1.0108000000E+001                        0
   1.0214400000E+001                        0
   1.0320800000E+001                        0
   1.0427200000E+001                        0
   1.0533600000E+001                        0
   1.0640000000E+001                        0
