   0.0000000000E+000                        0
   1.0640000000E-001                        0
   2.1280000000E-001                        0
   3.1920000000E-001                        0
   4.2560000000E-001                        0
   5.3200000000E-001                        0
   6.3840000000E-001                        0
   7.4480000000E-001                        0
   8.5120000000E-001                        0
   9.5760000000E-001                        0
   1.0640000000E+000                        0
   1.1704000000E+000                        0
   1.2768000000E+000                        0
   1.3832000000E+000                        0
   1.4896000000E+000                        0
   1.5960000000E+000                        0
   1.7024000000E+000                        0
   1.8088000000E+000                        0
   1.9152000000E+000                        0
   2.0216000000E+000                        0
   2.1280000000E+000                        0
   2.2344000000E+000                        0
   2.3408000000E+000                        0
   2.4472000000E+000                      504
   2.5536000000E+000                    20849
   2.6600000000E+000                   152782
   2.7664000000E+000                   417179
   2.8728000000E+000                   633371
   2.9792000000E+000                   695590
   3.0856000000E+000                   654874
   3.1920000000E+000                   568778
   3.2984000000E+000                   484802
   3.4048000000E+000                   413683
   3.5112000000E+000                   356757
   3.6176000000E+000                   317615
   3.7240000000E+000                   286298
   3.8304000000E+000                   264265
   3.9368000000E+000                   249248
   4.0432000000E+000                   240960
   4.1496000000E+000                   236146
   4.2560000000E+000                   235061
   4.3624000000E+000                   239439
   4.4688000000E+000                   244376
   4.5752000000E+000                   254136
   4.6816000000E+000                   269066
   4.7880000000E+000                   284966
   4.8944000000E+000                   303444
   5.0008000000E+000                   321809
   5.1072000000E+000                   339589
   5.2136000000E+000                   355093
   5.3200000000E+000                   364978
   5.4264000000E+000                   371917
   5.5328000000E+000                   377100
   5.6392000000E+000                   373091
   5.7456000000E+000                   361962
   5.8520000000E+000                   347875
   5.9584000000E+000                   328734
   6.0648000000E+000                   305848
   6.1712000000E+000                   284182
   6.2776000000E+000                   265833
   6.3840000000E+000                   246183
   6.4904000000E+000                   228833
   6.5968000000E+000                   214813
   6.7032000000E+000                   201161
   6.8096000000E+000                   190197
   6.9160000000E+000                   179705
   7.0224000000E+000                   169880
   7.1288000000E+000                   162628
   7.2352000000E+000                   155930
   7.3416000000E+000                   148643
   7.4480000000E+000                   142424
   7.5544000000E+000                   136026
   7.6608000000E+000                   127148
   7.7672000000E+000                   121262
   7.8736000000E+000                   113365
   7.9800000000E+000                   104322
   8.0864000000E+000                    95784
   8.1928000000E+000                    87667
   8.2992000000E+000                    79351
   8.4056000000E+000                    71933
   8.5120000000E+000                    63868
   8.6184000000E+000                    55909
   8.7248000000E+000                    49312
   8.8312000000E+000                    43302
   8.9376000000E+000                    36671
   9.0440000000E+000                    31132
   9.1504000000E+000                    26696
   9.2568000000E+000                    22275
   9.3632000000E+000                    18063
   9.4696000000E+000                    14230
   9.5760000000E+000                    11415
   9.6824000000E+000                     9090
   9.7888000000E+000                     6677
   9.8952000000E+000                     4715
   1.0001600000E+001                     3108
   1.0108000000E+001                     2031
   1.0214400000E+001                     1224
   1.0320800000E+001                      542
   1.0427200000E+001                      251
   1.0533600000E+001                       33
   1.0640000000E+001                        1
