   0.0000000000E+000                   195918
   1.0640000000E-001                   389429
   2.1280000000E-001                   389186
   3.1920000000E-001                   389122
   4.2560000000E-001                   390844
   5.3200000000E-001                   390229
   6.3840000000E-001                   389615
   7.4480000000E-001                   393174
   8.5120000000E-001                   393344
   9.5760000000E-001                   391866
   1.0640000000E+000                   396076
   1.1704000000E+000                   397563
   1.2768000000E+000                   398554
   1.3832000000E+000                   398947
   1.4896000000E+000                   401784
   1.5960000000E+000                   403826
   1.7024000000E+000                   406111
   1.8088000000E+000                   409003
   1.9152000000E+000                   410348
   2.0216000000E+000                   413456
   2.1280000000E+000                   417728
   2.2344000000E+000                   422727
   2.3408000000E+000                   428854
   2.4472000000E+000                   433696
   2.5536000000E+000                   439408
   2.6600000000E+000                   444065
   2.7664000000E+000                   420575
   2.8728000000E+000                   358978
   2.9792000000E+000                   291389
   3.0856000000E+000                   243399
   3.1920000000E+000                   214752
   3.2984000000E+000                   197399
   3.4048000000E+000                   188007
   3.5112000000E+000                   182126
   3.6176000000E+000                   177672
   3.7240000000E+000                   176547
   3.8304000000E+000                   175195
   3.9368000000E+000                   174570
   4.0432000000E+000                   174271
   4.1496000000E+000                   173343
   4.2560000000E+000                   173059
   4.3624000000E+000                   172425
   4.4688000000E+000                   171210
   4.5752000000E+000                   168290
   4.6816000000E+000                   158858
   4.7880000000E+000                   147025
   4.8944000000E+000                   133105
   5.0008000000E+000                   116831
   5.1072000000E+000                   102033
   5.2136000000E+000                    89461
   5.3200000000E+000                    79195
   5.4264000000E+000                    71327
   5.5328000000E+000                    63614
   5.6392000000E+000                    55177
   5.7456000000E+000                    47407
   5.8520000000E+000                    39829
   5.9584000000E+000                    33844
   6.0648000000E+000                    29298
   6.1712000000E+000                    25976
   6.2776000000E+000                    24081
   6.3840000000E+000                    22678
   6.4904000000E+000                    21494
   6.5968000000E+000                    20647
   6.7032000000E+000                    20185
   6.8096000000E+000                    19151
   6.9160000000E+000                    18264
   7.0224000000E+000                    16519
   7.1288000000E+000                    14652
   7.2352000000E+000                    12530
   7.3416000000E+000                    10673
   7.4480000000E+000                     8669
   7.5544000000E+000                     6814
   7.6608000000E+000                     5173
   7.7672000000E+000                     4007
   7.8736000000E+000                     2920
   7.9800000000E+000                     2251
   8.0864000000E+000                     1780
   8.1928000000E+000                     1407
   8.2992000000E+000                     1100
   8.4056000000E+000                      885
   8.5120000000E+000                      725
   8.6184000000E+000                      573
   8.7248000000E+000                      406
   8.8312000000E+000                      324
   8.9376000000E+000                      270
   9.0440000000E+000                      199
   9.1504000000E+000                      162
   9.2568000000E+000                      130
   9.3632000000E+000                       85
   9.4696000000E+000                       55
   9.5760000000E+000                       50
   9.6824000000E+000                       40
   9.7888000000E+000                       15
   9.8952000000E+000                       17
   1.0001600000E+001                        4
   1.0108000000E+001                        5
   1.0214400000E+001                        0
   1.0320800000E+001                        0
   1.0427200000E+001                        0
   1.0533600000E+001                        0
   1.0640000000E+001                        0
