   0.0000000000E+000                   188560
   1.0640000000E-001                   376459
   2.1280000000E-001                   378058
   3.1920000000E-001                   376297
   4.2560000000E-001                   376906
   5.3200000000E-001                   376406
   6.3840000000E-001                   379919
   7.4480000000E-001                   380258
   8.5120000000E-001                   382376
   9.5760000000E-001                   382065
   1.0640000000E+000                   383872
   1.1704000000E+000                   386335
   1.2768000000E+000                   386258
   1.3832000000E+000                   390456
   1.4896000000E+000                   392918
   1.5960000000E+000                   393361
   1.7024000000E+000                   394870
   1.8088000000E+000                   397564
   1.9152000000E+000                   400680
   2.0216000000E+000                   403831
   2.1280000000E+000                   407251
   2.2344000000E+000                   412737
   2.3408000000E+000                   417342
   2.4472000000E+000                   422492
   2.5536000000E+000                   431103
   2.6600000000E+000                   435376
   2.7664000000E+000                   413380
   2.8728000000E+000                   356862
   2.9792000000E+000                   295853
   3.0856000000E+000                   251924
   3.1920000000E+000                   223172
   3.2984000000E+000                   204984
   3.4048000000E+000                   196636
   3.5112000000E+000                   190815
   3.6176000000E+000                   186048
   3.7240000000E+000                   183026
   3.8304000000E+000                   181171
   3.9368000000E+000                   179595
   4.0432000000E+000                   179539
   4.1496000000E+000                   177962
   4.2560000000E+000                   176300
   4.3624000000E+000                   174868
   4.4688000000E+000                   171941
   4.5752000000E+000                   166881
   4.6816000000E+000                   160920
   4.7880000000E+000                   151152
   4.8944000000E+000                   139498
   5.0008000000E+000                   127233
   5.1072000000E+000                   114382
   5.2136000000E+000                   103025
   5.3200000000E+000                    92284
   5.4264000000E+000                    82827
   5.5328000000E+000                    74272
   5.6392000000E+000                    65442
   5.7456000000E+000                    56618
   5.8520000000E+000                    49071
   5.9584000000E+000                    42612
   6.0648000000E+000                    37778
   6.1712000000E+000                    34210
   6.2776000000E+000                    30904
   6.3840000000E+000                    29025
   6.4904000000E+000                    27431
   6.5968000000E+000                    25986
   6.7032000000E+000                    24388
   6.8096000000E+000                    23021
   6.9160000000E+000                    21678
   7.0224000000E+000                    20243
   7.1288000000E+000                    18140
   7.2352000000E+000                    16026
   7.3416000000E+000                    13320
   7.4480000000E+000                    11375
   7.5544000000E+000                     9113
   7.6608000000E+000                     7226
   7.7672000000E+000                     5695
   7.8736000000E+000                     4620
   7.9800000000E+000                     3511
   8.0864000000E+000                     2820
   8.1928000000E+000                     2138
   8.2992000000E+000                     1674
   8.4056000000E+000                     1302
   8.5120000000E+000                     1047
   8.6184000000E+000                      766
   8.7248000000E+000                      657
   8.8312000000E+000                      460
   8.9376000000E+000                      388
   9.0440000000E+000                      278
   9.1504000000E+000                      214
   9.2568000000E+000                      161
   9.3632000000E+000                      121
   9.4696000000E+000                       88
   9.5760000000E+000                       76
   9.6824000000E+000                       38
   9.7888000000E+000                       19
   9.8952000000E+000                       13
   1.0001600000E+001                        6
   1.0108000000E+001                        1
   1.0214400000E+001                        0
   1.0320800000E+001                        0
   1.0427200000E+001                        0
   1.0533600000E+001                        0
   1.0640000000E+001                        0
