   0.0000000000E+000                        0
   1.0640000000E-001                        0
   2.1280000000E-001                        0
   3.1920000000E-001                        0
   4.2560000000E-001                        0
   5.3200000000E-001                        0
   6.3840000000E-001                        0
   7.4480000000E-001                        0
   8.5120000000E-001                        0
   9.5760000000E-001                        0
   1.0640000000E+000                        0
   1.1704000000E+000                        0
   1.2768000000E+000                        0
   1.3832000000E+000                        0
   1.4896000000E+000                        0
   1.5960000000E+000                        0
   1.7024000000E+000                        0
   1.8088000000E+000                        0
   1.9152000000E+000                        0
   2.0216000000E+000                        0
   2.1280000000E+000                        0
   2.2344000000E+000                        0
   2.3408000000E+000                        0
   2.4472000000E+000                      198
   2.5536000000E+000                    14619
   2.6600000000E+000                   150915
   2.7664000000E+000                   478354
   2.8728000000E+000                   768486
   2.9792000000E+000                   851190
   3.0856000000E+000                   776522
   3.1920000000E+000                   651916
   3.2984000000E+000                   530890
   3.4048000000E+000                   430542
   3.5112000000E+000                   360153
   3.6176000000E+000                   308526
   3.7240000000E+000                   271030
   3.8304000000E+000                   246282
   3.9368000000E+000                   229309
   4.0432000000E+000                   220016
   4.1496000000E+000                   217587
   4.2560000000E+000                   216524
   4.3624000000E+000                   221770
   4.4688000000E+000                   232759
   4.5752000000E+000                   248673
   4.6816000000E+000                   269085
   4.7880000000E+000                   295381
   4.8944000000E+000                   322777
   5.0008000000E+000                   348531
   5.1072000000E+000                   372167
   5.2136000000E+000                   384985
   5.3200000000E+000                   396737
   5.4264000000E+000                   402255
   5.5328000000E+000                   399990
   5.6392000000E+000                   391948
   5.7456000000E+000                   374070
   5.8520000000E+000                   350339
   5.9584000000E+000                   321260
   6.0648000000E+000                   291922
   6.1712000000E+000                   263907
   6.2776000000E+000                   236873
   6.3840000000E+000                   215585
   6.4904000000E+000                   197729
   6.5968000000E+000                   181647
   6.7032000000E+000                   168744
   6.8096000000E+000                   158968
   6.9160000000E+000                   149223
   7.0224000000E+000                   142892
   7.1288000000E+000                   135803
   7.2352000000E+000                   130999
   7.3416000000E+000                   126500
   7.4480000000E+000                   120643
   7.5544000000E+000                   115459
   7.6608000000E+000                   108304
   7.7672000000E+000                   101094
   7.8736000000E+000                    93743
   7.9800000000E+000                    85777
   8.0864000000E+000                    76720
   8.1928000000E+000                    68339
   8.2992000000E+000                    60576
   8.4056000000E+000                    52865
   8.5120000000E+000                    45304
   8.6184000000E+000                    38695
   8.7248000000E+000                    33180
   8.8312000000E+000                    27720
   8.9376000000E+000                    23522
   9.0440000000E+000                    19619
   9.1504000000E+000                    16150
   9.2568000000E+000                    13185
   9.3632000000E+000                    10836
   9.4696000000E+000                     8734
   9.5760000000E+000                     6754
   9.6824000000E+000                     5332
   9.7888000000E+000                     3980
   9.8952000000E+000                     2798
   1.0001600000E+001                     1812
   1.0108000000E+001                     1125
   1.0214400000E+001                      675
   1.0320800000E+001                      341
   1.0427200000E+001                      117
   1.0533600000E+001                       22
   1.0640000000E+001                        1
