   0.0000000000E+000                   180057
   1.0640000000E-001                   360987
   2.1280000000E-001                   359903
   3.1920000000E-001                   358137
   4.2560000000E-001                   360149
   5.3200000000E-001                   359629
   6.3840000000E-001                   359665
   7.4480000000E-001                   361414
   8.5120000000E-001                   361329
   9.5760000000E-001                   362318
   1.0640000000E+000                   363366
   1.1704000000E+000                   364560
   1.2768000000E+000                   365778
   1.3832000000E+000                   366364
   1.4896000000E+000                   368872
   1.5960000000E+000                   370432
   1.7024000000E+000                   371634
   1.8088000000E+000                   374437
   1.9152000000E+000                   375615
   2.0216000000E+000                   375675
   2.1280000000E+000                   379171
   2.2344000000E+000                   382582
   2.3408000000E+000                   384891
   2.4472000000E+000                   389175
   2.5536000000E+000                   392637
   2.6600000000E+000                   391018
   2.7664000000E+000                   373049
   2.8728000000E+000                   338088
   2.9792000000E+000                   304490
   3.0856000000E+000                   274991
   3.1920000000E+000                   253996
   3.2984000000E+000                   236500
   3.4048000000E+000                   224708
   3.5112000000E+000                   215051
   3.6176000000E+000                   207602
   3.7240000000E+000                   201133
   3.8304000000E+000                   196155
   3.9368000000E+000                   190540
   4.0432000000E+000                   186040
   4.1496000000E+000                   181123
   4.2560000000E+000                   177361
   4.3624000000E+000                   172293
   4.4688000000E+000                   167423
   4.5752000000E+000                   163328
   4.6816000000E+000                   157784
   4.7880000000E+000                   151164
   4.8944000000E+000                   144046
   5.0008000000E+000                   136609
   5.1072000000E+000                   129308
   5.2136000000E+000                   121022
   5.3200000000E+000                   112813
   5.4264000000E+000                   103890
   5.5328000000E+000                    94748
   5.6392000000E+000                    87477
   5.7456000000E+000                    79487
   5.8520000000E+000                    72109
   5.9584000000E+000                    65973
   6.0648000000E+000                    60064
   6.1712000000E+000                    54738
   6.2776000000E+000                    50392
   6.3840000000E+000                    46940
   6.4904000000E+000                    43594
   6.5968000000E+000                    40162
   6.7032000000E+000                    37105
   6.8096000000E+000                    34204
   6.9160000000E+000                    31376
   7.0224000000E+000                    29050
   7.1288000000E+000                    26650
   7.2352000000E+000                    23826
   7.3416000000E+000                    22024
   7.4480000000E+000                    19855
   7.5544000000E+000                    17957
   7.6608000000E+000                    15677
   7.7672000000E+000                    13793
   7.8736000000E+000                    12195
   7.9800000000E+000                    10381
   8.0864000000E+000                     8912
   8.1928000000E+000                     7647
   8.2992000000E+000                     6438
   8.4056000000E+000                     5393
   8.5120000000E+000                     4584
   8.6184000000E+000                     3562
   8.7248000000E+000                     3067
   8.8312000000E+000                     2476
   8.9376000000E+000                     1923
   9.0440000000E+000                     1462
   9.1504000000E+000                     1244
   9.2568000000E+000                      965
   9.3632000000E+000                      721
   9.4696000000E+000                      497
   9.5760000000E+000                      359
   9.6824000000E+000                      250
   9.7888000000E+000                      185
   9.8952000000E+000                      107
   1.0001600000E+001                       71
   1.0108000000E+001                       41
   1.0214400000E+001                        7
   1.0320800000E+001                       10
   1.0427200000E+001                        0
   1.0533600000E+001                        0
   1.0640000000E+001                        0
