   0.0000000000E+000                   209386
   1.0640000000E-001                   418475
   2.1280000000E-001                   418754
   3.1920000000E-001                   417112
   4.2560000000E-001                   418783
   5.3200000000E-001                   418736
   6.3840000000E-001                   417864
   7.4480000000E-001                   416972
   8.5120000000E-001                   417936
   9.5760000000E-001                   416091
   1.0640000000E+000                   414530
   1.1704000000E+000                   414511
   1.2768000000E+000                   414267
   1.3832000000E+000                   414872
   1.4896000000E+000                   414746
   1.5960000000E+000                   414256
   1.7024000000E+000                   415543
   1.8088000000E+000                   414010
   1.9152000000E+000                   414685
   2.0216000000E+000                   413262
   2.1280000000E+000                   415118
   2.2344000000E+000                   413015
   2.3408000000E+000                   415001
   2.4472000000E+000                   413488
   2.5536000000E+000                   413394
   2.6600000000E+000                   415891
   2.7664000000E+000                   416307
   2.8728000000E+000                   418151
   2.9792000000E+000                   402642
   3.0856000000E+000                   355121
   3.1920000000E+000                   291156
   3.2984000000E+000                   233611
   3.4048000000E+000                   193057
   3.5112000000E+000                   169418
   3.6176000000E+000                   154755
   3.7240000000E+000                   147356
   3.8304000000E+000                   144028
   3.9368000000E+000                   141683
   4.0432000000E+000                   142835
   4.1496000000E+000                   142661
   4.2560000000E+000                   142697
   4.3624000000E+000                   142121
   4.4688000000E+000                   141968
   4.5752000000E+000                   143245
   4.6816000000E+000                   142676
   4.7880000000E+000                   142396
   4.8944000000E+000                   141838
   5.0008000000E+000                   138123
   5.1072000000E+000                   126349
   5.2136000000E+000                   102064
   5.3200000000E+000                    73472
   5.4264000000E+000                    49219
   5.5328000000E+000                    32774
   5.6392000000E+000                    25871
   5.7456000000E+000                    22732
   5.8520000000E+000                    22118
   5.9584000000E+000                    20847
   6.0648000000E+000                    16858
   6.1712000000E+000                    10940
   6.2776000000E+000                     5513
   6.3840000000E+000                     1994
   6.4904000000E+000                      557
   6.5968000000E+000                      120
   6.7032000000E+000                       25
   6.8096000000E+000                        4
   6.9160000000E+000                        0
   7.0224000000E+000                        0
   7.1288000000E+000                        0
   7.2352000000E+000                        0
   7.3416000000E+000                        0
   7.4480000000E+000                        0
   7.5544000000E+000                        0
   7.6608000000E+000                        0
   7.7672000000E+000                        0
   7.8736000000E+000                        0
   7.9800000000E+000                        0
   8.0864000000E+000                        0
   8.1928000000E+000                        0
   8.2992000000E+000                        0
   8.4056000000E+000                        0
   8.5120000000E+000                        0
   8.6184000000E+000                        0
   8.7248000000E+000                        0
   8.8312000000E+000                        0
   8.9376000000E+000                        0
   9.0440000000E+000                        0
   9.1504000000E+000                        0
   9.2568000000E+000                        0
   9.3632000000E+000                        0
   9.4696000000E+000                        0
   9.5760000000E+000                        0
   9.6824000000E+000                        0
   9.7888000000E+000                        0
   9.8952000000E+000                        0
   1.0001600000E+001                        0
   1.0108000000E+001                        0
   1.0214400000E+001                        0
   1.0320800000E+001                        0
   1.0427200000E+001                        0
   1.0533600000E+001                        0
   1.0640000000E+001                        0
