   0.0000000000E+000                   177306
   1.0640000000E-001                   356519
   2.1280000000E-001                   356457
   3.1920000000E-001                   357006
   4.2560000000E-001                   357309
   5.3200000000E-001                   358523
   6.3840000000E-001                   359286
   7.4480000000E-001                   359020
   8.5120000000E-001                   358110
   9.5760000000E-001                   358439
   1.0640000000E+000                   359917
   1.1704000000E+000                   361466
   1.2768000000E+000                   362053
   1.3832000000E+000                   365328
   1.4896000000E+000                   363778
   1.5960000000E+000                   365268
   1.7024000000E+000                   365953
   1.8088000000E+000                   368254
   1.9152000000E+000                   370960
   2.0216000000E+000                   373135
   2.1280000000E+000                   374383
   2.2344000000E+000                   378589
   2.3408000000E+000                   380178
   2.4472000000E+000                   383681
   2.5536000000E+000                   387317
   2.6600000000E+000                   382071
   2.7664000000E+000                   365483
   2.8728000000E+000                   334708
   2.9792000000E+000                   303895
   3.0856000000E+000                   277055
   3.1920000000E+000                   256612
   3.2984000000E+000                   240464
   3.4048000000E+000                   228761
   3.5112000000E+000                   219928
   3.6176000000E+000                   211295
   3.7240000000E+000                   203460
   3.8304000000E+000                   198517
   3.9368000000E+000                   192206
   4.0432000000E+000                   188444
   4.1496000000E+000                   182349
   4.2560000000E+000                   177652
   4.3624000000E+000                   173531
   4.4688000000E+000                   168143
   4.5752000000E+000                   163423
   4.6816000000E+000                   157348
   4.7880000000E+000                   151713
   4.8944000000E+000                   145435
   5.0008000000E+000                   138407
   5.1072000000E+000                   130970
   5.2136000000E+000                   122862
   5.3200000000E+000                   114071
   5.4264000000E+000                   106350
   5.5328000000E+000                    98712
   5.6392000000E+000                    89793
   5.7456000000E+000                    82575
   5.8520000000E+000                    75878
   5.9584000000E+000                    69869
   6.0648000000E+000                    63770
   6.1712000000E+000                    58346
   6.2776000000E+000                    54461
   6.3840000000E+000                    49992
   6.4904000000E+000                    45953
   6.5968000000E+000                    42854
   6.7032000000E+000                    39239
   6.8096000000E+000                    36652
   6.9160000000E+000                    33430
   7.0224000000E+000                    30910
   7.1288000000E+000                    28480
   7.2352000000E+000                    25993
   7.3416000000E+000                    23380
   7.4480000000E+000                    21414
   7.5544000000E+000                    19289
   7.6608000000E+000                    17205
   7.7672000000E+000                    15131
   7.8736000000E+000                    13312
   7.9800000000E+000                    11562
   8.0864000000E+000                    10253
   8.1928000000E+000                     8803
   8.2992000000E+000                     7512
   8.4056000000E+000                     6173
   8.5120000000E+000                     5355
   8.6184000000E+000                     4394
   8.7248000000E+000                     3554
   8.8312000000E+000                     2851
   8.9376000000E+000                     2363
   9.0440000000E+000                     1832
   9.1504000000E+000                     1417
   9.2568000000E+000                     1100
   9.3632000000E+000                      849
   9.4696000000E+000                      662
   9.5760000000E+000                      491
   9.6824000000E+000                      306
   9.7888000000E+000                      212
   9.8952000000E+000                      122
   1.0001600000E+001                       96
   1.0108000000E+001                       40
   1.0214400000E+001                       19
   1.0320800000E+001                        8
   1.0427200000E+001                        0
   1.0533600000E+001                        0
   1.0640000000E+001                        0
