   0.0000000000E+000                   171398
   1.0640000000E-001                   341894
   2.1280000000E-001                   342029
   3.1920000000E-001                   343222
   4.2560000000E-001                   343653
   5.3200000000E-001                   344406
   6.3840000000E-001                   343173
   7.4480000000E-001                   345125
   8.5120000000E-001                   345232
   9.5760000000E-001                   344498
   1.0640000000E+000                   345298
   1.1704000000E+000                   344753
   1.2768000000E+000                   346568
   1.3832000000E+000                   346812
   1.4896000000E+000                   349518
   1.5960000000E+000                   349405
   1.7024000000E+000                   349274
   1.8088000000E+000                   351708
   1.9152000000E+000                   352414
   2.0216000000E+000                   354894
   2.1280000000E+000                   356015
   2.2344000000E+000                   356290
   2.3408000000E+000                   357752
   2.4472000000E+000                   360483
   2.5536000000E+000                   360892
   2.6600000000E+000                   356246
   2.7664000000E+000                   340991
   2.8728000000E+000                   321897
   2.9792000000E+000                   300551
   3.0856000000E+000                   281938
   3.1920000000E+000                   266127
   3.2984000000E+000                   253915
   3.4048000000E+000                   241572
   3.5112000000E+000                   232497
   3.6176000000E+000                   223710
   3.7240000000E+000                   216978
   3.8304000000E+000                   210313
   3.9368000000E+000                   203101
   4.0432000000E+000                   197189
   4.1496000000E+000                   191357
   4.2560000000E+000                   184945
   4.3624000000E+000                   179911
   4.4688000000E+000                   174307
   4.5752000000E+000                   167566
   4.6816000000E+000                   162377
   4.7880000000E+000                   156706
   4.8944000000E+000                   150803
   5.0008000000E+000                   144064
   5.1072000000E+000                   137482
   5.2136000000E+000                   130856
   5.3200000000E+000                   124372
   5.4264000000E+000                   116615
   5.5328000000E+000                   110553
   5.6392000000E+000                   102706
   5.7456000000E+000                    96430
   5.8520000000E+000                    89936
   5.9584000000E+000                    83808
   6.0648000000E+000                    78641
   6.1712000000E+000                    72908
   6.2776000000E+000                    68079
   6.3840000000E+000                    62880
   6.4904000000E+000                    58415
   6.5968000000E+000                    55293
   6.7032000000E+000                    50932
   6.8096000000E+000                    46966
   6.9160000000E+000                    42784
   7.0224000000E+000                    40301
   7.1288000000E+000                    36124
   7.2352000000E+000                    33793
   7.3416000000E+000                    30777
   7.4480000000E+000                    28089
   7.5544000000E+000                    25373
   7.6608000000E+000                    22820
   7.7672000000E+000                    20837
   7.8736000000E+000                    18645
   7.9800000000E+000                    16443
   8.0864000000E+000                    14559
   8.1928000000E+000                    13034
   8.2992000000E+000                    11256
   8.4056000000E+000                     9695
   8.5120000000E+000                     8094
   8.6184000000E+000                     7151
   8.7248000000E+000                     5787
   8.8312000000E+000                     4854
   8.9376000000E+000                     3991
   9.0440000000E+000                     3257
   9.1504000000E+000                     2597
   9.2568000000E+000                     2039
   9.3632000000E+000                     1550
   9.4696000000E+000                     1142
   9.5760000000E+000                      864
   9.6824000000E+000                      609
   9.7888000000E+000                      385
   9.8952000000E+000                      219
   1.0001600000E+001                      149
   1.0108000000E+001                       82
   1.0214400000E+001                       30
   1.0320800000E+001                       24
   1.0427200000E+001                        7
   1.0533600000E+001                        0
   1.0640000000E+001                        0
