   0.0000000000E+000                   230932
   1.0640000000E-001                   460149
   2.1280000000E-001                   459967
   3.1920000000E-001                   458213
   4.2560000000E-001                   458321
   5.3200000000E-001                   459645
   6.3840000000E-001                   459720
   7.4480000000E-001                   459149
   8.5120000000E-001                   458878
   9.5760000000E-001                   459812
   1.0640000000E+000                   458882
   1.1704000000E+000                   458738
   1.2768000000E+000                   458694
   1.3832000000E+000                   459217
   1.4896000000E+000                   458947
   1.5960000000E+000                   460094
   1.7024000000E+000                   459827
   1.8088000000E+000                   459457
   1.9152000000E+000                   459435
   2.0216000000E+000                   461358
   2.1280000000E+000                   460763
   2.2344000000E+000                   459394
   2.3408000000E+000                   460650
   2.4472000000E+000                   459995
   2.5536000000E+000                   462702
   2.6600000000E+000                   462065
   2.7664000000E+000                   439842
   2.8728000000E+000                   354254
   2.9792000000E+000                   252080
   3.0856000000E+000                   191426
   3.1920000000E+000                   166459
   3.2984000000E+000                   157598
   3.4048000000E+000                   155525
   3.5112000000E+000                   154034
   3.6176000000E+000                   154346
   3.7240000000E+000                   153240
   3.8304000000E+000                   152727
   3.9368000000E+000                   153361
   4.0432000000E+000                   154249
   4.1496000000E+000                   154052
   4.2560000000E+000                   154280
   4.3624000000E+000                   153783
   4.4688000000E+000                   153349
   4.5752000000E+000                   150302
   4.6816000000E+000                   136281
   4.7880000000E+000                   102013
   4.8944000000E+000                    61204
   5.0008000000E+000                    35248
   5.1072000000E+000                    25901
   5.2136000000E+000                    22612
   5.3200000000E+000                    22366
   5.4264000000E+000                    21661
   5.5328000000E+000                    19838
   5.6392000000E+000                    14593
   5.7456000000E+000                     6333
   5.8520000000E+000                     1660
   5.9584000000E+000                      320
   6.0648000000E+000                       55
   6.1712000000E+000                        4
   6.2776000000E+000                        0
   6.3840000000E+000                        0
   6.4904000000E+000                        0
   6.5968000000E+000                        0
   6.7032000000E+000                        0
   6.8096000000E+000                        0
   6.9160000000E+000                        0
   7.0224000000E+000                        0
   7.1288000000E+000                        0
   7.2352000000E+000                        0
   7.3416000000E+000                        0
   7.4480000000E+000                        0
   7.5544000000E+000                        0
   7.6608000000E+000                        0
   7.7672000000E+000                        0
   7.8736000000E+000                        0
   7.9800000000E+000                        0
   8.0864000000E+000                        0
   8.1928000000E+000                        0
   8.2992000000E+000                        0
   8.4056000000E+000                        0
   8.5120000000E+000                        0
   8.6184000000E+000                        0
   8.7248000000E+000                        0
   8.8312000000E+000                        0
   8.9376000000E+000                        0
   9.0440000000E+000                        0
   9.1504000000E+000                        0
   9.2568000000E+000                        0
   9.3632000000E+000                        0
   9.4696000000E+000                        0
   9.5760000000E+000                        0
   9.6824000000E+000                        0
   9.7888000000E+000                        0
   9.8952000000E+000                        0
   1.0001600000E+001                        0
   1.0108000000E+001                        0
   1.0214400000E+001                        0
   1.0320800000E+001                        0
   1.0427200000E+001                        0
   1.0533600000E+001                        0
   1.0640000000E+001                        0
