   0.0000000000E+000                   226273
   1.0640000000E-001                   450346
   2.1280000000E-001                   451795
   3.1920000000E-001                   450353
   4.2560000000E-001                   449576
   5.3200000000E-001                   449315
   6.3840000000E-001                   448357
   7.4480000000E-001                   449292
   8.5120000000E-001                   448102
   9.5760000000E-001                   448852
   1.0640000000E+000                   449803
   1.1704000000E+000                   449352
   1.2768000000E+000                   449632
   1.3832000000E+000                   449557
   1.4896000000E+000                   450467
   1.5960000000E+000                   450631
   1.7024000000E+000                   451766
   1.8088000000E+000                   449941
   1.9152000000E+000                   451717
   2.0216000000E+000                   452785
   2.1280000000E+000                   453640
   2.2344000000E+000                   455079
   2.3408000000E+000                   455194
   2.4472000000E+000                   456449
   2.5536000000E+000                   456767
   2.6600000000E+000                   453887
   2.7664000000E+000                   430763
   2.8728000000E+000                   357097
   2.9792000000E+000                   272363
   3.0856000000E+000                   215593
   3.1920000000E+000                   185254
   3.2984000000E+000                   170038
   3.4048000000E+000                   161419
   3.5112000000E+000                   158289
   3.6176000000E+000                   156327
   3.7240000000E+000                   154448
   3.8304000000E+000                   153857
   3.9368000000E+000                   154150
   4.0432000000E+000                   154232
   4.1496000000E+000                   154376
   4.2560000000E+000                   153510
   4.3624000000E+000                   154041
   4.4688000000E+000                   151207
   4.5752000000E+000                   148114
   4.6816000000E+000                   135097
   4.7880000000E+000                   113140
   4.8944000000E+000                    84172
   5.0008000000E+000                    59425
   5.1072000000E+000                    42449
   5.2136000000E+000                    32671
   5.3200000000E+000                    27928
   5.4264000000E+000                    25604
   5.5328000000E+000                    22933
   5.6392000000E+000                    18649
   5.7456000000E+000                    13148
   5.8520000000E+000                     7566
   5.9584000000E+000                     4381
   6.0648000000E+000                     2561
   6.1712000000E+000                     1869
   6.2776000000E+000                     1585
   6.3840000000E+000                     1457
   6.4904000000E+000                     1344
   6.5968000000E+000                     1477
   6.7032000000E+000                     1361
   6.8096000000E+000                     1362
   6.9160000000E+000                     1325
   7.0224000000E+000                     1048
   7.1288000000E+000                      960
   7.2352000000E+000                      808
   7.3416000000E+000                      611
   7.4480000000E+000                      390
   7.5544000000E+000                      234
   7.6608000000E+000                      148
   7.7672000000E+000                       88
   7.8736000000E+000                       87
   7.9800000000E+000                       48
   8.0864000000E+000                       25
   8.1928000000E+000                       20
   8.2992000000E+000                       12
   8.4056000000E+000                        3
   8.5120000000E+000                        6
   8.6184000000E+000                        2
   8.7248000000E+000                        0
   8.8312000000E+000                        0
   8.9376000000E+000                        0
   9.0440000000E+000                        0
   9.1504000000E+000                        0
   9.2568000000E+000                        0
   9.3632000000E+000                        0
   9.4696000000E+000                        0
   9.5760000000E+000                        0
   9.6824000000E+000                        0
   9.7888000000E+000                        0
   9.8952000000E+000                        0
   1.0001600000E+001                        0
   1.0108000000E+001                        0
   1.0214400000E+001                        0
   1.0320800000E+001                        0
   1.0427200000E+001                        0
   1.0533600000E+001                        0
   1.0640000000E+001                        0
