   0.0000000000E+000                   230601
   1.0640000000E-001                   462610
   2.1280000000E-001                   461256
   3.1920000000E-001                   459663
   4.2560000000E-001                   459013
   5.3200000000E-001                   457918
   6.3840000000E-001                   459049
   7.4480000000E-001                   458086
   8.5120000000E-001                   456210
   9.5760000000E-001                   460861
   1.0640000000E+000                   459436
   1.1704000000E+000                   459662
   1.2768000000E+000                   458623
   1.3832000000E+000                   457380
   1.4896000000E+000                   458866
   1.5960000000E+000                   460585
   1.7024000000E+000                   461481
   1.8088000000E+000                   460533
   1.9152000000E+000                   459164
   2.0216000000E+000                   458042
   2.1280000000E+000                   458585
   2.2344000000E+000                   458726
   2.3408000000E+000                   462710
   2.4472000000E+000                   463683
   2.5536000000E+000                   462985
   2.6600000000E+000                   461235
   2.7664000000E+000                   439374
   2.8728000000E+000                   354729
   2.9792000000E+000                   250850
   3.0856000000E+000                   190020
   3.1920000000E+000                   166316
   3.2984000000E+000                   157357
   3.4048000000E+000                   155566
   3.5112000000E+000                   154818
   3.6176000000E+000                   154030
   3.7240000000E+000                   154828
   3.8304000000E+000                   154795
   3.9368000000E+000                   154619
   4.0432000000E+000                   153198
   4.1496000000E+000                   153777
   4.2560000000E+000                   153938
   4.3624000000E+000                   153294
   4.4688000000E+000                   153157
   4.5752000000E+000                   150196
   4.6816000000E+000                   136147
   4.7880000000E+000                   101457
   4.8944000000E+000                    60592
   5.0008000000E+000                    35085
   5.1072000000E+000                    25301
   5.2136000000E+000                    22376
   5.3200000000E+000                    21907
   5.4264000000E+000                    21514
   5.5328000000E+000                    20390
   5.6392000000E+000                    14697
   5.7456000000E+000                     6614
   5.8520000000E+000                     1784
   5.9584000000E+000                      268
   6.0648000000E+000                       38
   6.1712000000E+000                        2
   6.2776000000E+000                        3
   6.3840000000E+000                        0
   6.4904000000E+000                        0
   6.5968000000E+000                        0
   6.7032000000E+000                        0
   6.8096000000E+000                        0
   6.9160000000E+000                        0
   7.0224000000E+000                        0
   7.1288000000E+000                        0
   7.2352000000E+000                        0
   7.3416000000E+000                        0
   7.4480000000E+000                        0
   7.5544000000E+000                        0
   7.6608000000E+000                        0
   7.7672000000E+000                        0
   7.8736000000E+000                        0
   7.9800000000E+000                        0
   8.0864000000E+000                        0
   8.1928000000E+000                        0
   8.2992000000E+000                        0
   8.4056000000E+000                        0
   8.5120000000E+000                        0
   8.6184000000E+000                        0
   8.7248000000E+000                        0
   8.8312000000E+000                        0
   8.9376000000E+000                        0
   9.0440000000E+000                        0
   9.1504000000E+000                        0
   9.2568000000E+000                        0
   9.3632000000E+000                        0
   9.4696000000E+000                        0
   9.5760000000E+000                        0
   9.6824000000E+000                        0
   9.7888000000E+000                        0
   9.8952000000E+000                        0
   1.0001600000E+001                        0
   1.0108000000E+001                        0
   1.0214400000E+001                        0
   1.0320800000E+001                        0
   1.0427200000E+001                        0
   1.0533600000E+001                        0
   1.0640000000E+001                        0
