   0.0000000000E+000                   221766
   1.0640000000E-001                   441757
   2.1280000000E-001                   441996
   3.1920000000E-001                   440937
   4.2560000000E-001                   438088
   5.3200000000E-001                   438024
   6.3840000000E-001                   435249
   7.4480000000E-001                   433625
   8.5120000000E-001                   432882
   9.5760000000E-001                   429446
   1.0640000000E+000                   427506
   1.1704000000E+000                   424806
   1.2768000000E+000                   423327
   1.3832000000E+000                   419229
   1.4896000000E+000                   418374
   1.5960000000E+000                   415735
   1.7024000000E+000                   413206
   1.8088000000E+000                   412926
   1.9152000000E+000                   412674
   2.0216000000E+000                   412578
   2.1280000000E+000                   409008
   2.2344000000E+000                   407958
   2.3408000000E+000                   406620
   2.4472000000E+000                   406594
   2.5536000000E+000                   407345
   2.6600000000E+000                   407045
   2.7664000000E+000                   405637
   2.8728000000E+000                   402062
   2.9792000000E+000                   384513
   3.0856000000E+000                   343041
   3.1920000000E+000                   290241
   3.2984000000E+000                   241648
   3.4048000000E+000                   204019
   3.5112000000E+000                   177698
   3.6176000000E+000                   161526
   3.7240000000E+000                   152012
   3.8304000000E+000                   143729
   3.9368000000E+000                   137393
   4.0432000000E+000                   133890
   4.1496000000E+000                   131165
   4.2560000000E+000                   127621
   4.3624000000E+000                   126488
   4.4688000000E+000                   125336
   4.5752000000E+000                   124789
   4.6816000000E+000                   124170
   4.7880000000E+000                   122786
   4.8944000000E+000                   121014
   5.0008000000E+000                   115453
   5.1072000000E+000                   106926
   5.2136000000E+000                    92347
   5.3200000000E+000                    74783
   5.4264000000E+000                    57873
   5.5328000000E+000                    44294
   5.6392000000E+000                    33260
   5.7456000000E+000                    26887
   5.8520000000E+000                    22343
   5.9584000000E+000                    19496
   6.0648000000E+000                    16449
   6.1712000000E+000                    12362
   6.2776000000E+000                     8293
   6.3840000000E+000                     4979
   6.4904000000E+000                     2613
   6.5968000000E+000                     1179
   6.7032000000E+000                      470
   6.8096000000E+000                      239
   6.9160000000E+000                      120
   7.0224000000E+000                       53
   7.1288000000E+000                       30
   7.2352000000E+000                       26
   7.3416000000E+000                       10
   7.4480000000E+000                       17
   7.5544000000E+000                        9
   7.6608000000E+000                        1
   7.7672000000E+000                        4
   7.8736000000E+000                        5
   7.9800000000E+000                        0
   8.0864000000E+000                        0
   8.1928000000E+000                        0
   8.2992000000E+000                        0
   8.4056000000E+000                        0
   8.5120000000E+000                        0
   8.6184000000E+000                        0
   8.7248000000E+000                        0
   8.8312000000E+000                        0
   8.9376000000E+000                        0
   9.0440000000E+000                        0
   9.1504000000E+000                        0
   9.2568000000E+000                        0
   9.3632000000E+000                        0
   9.4696000000E+000                        0
   9.5760000000E+000                        0
   9.6824000000E+000                        0
   9.7888000000E+000                        0
   9.8952000000E+000                        0
   1.0001600000E+001                        0
   1.0108000000E+001                        0
   1.0214400000E+001                        0
   1.0320800000E+001                        0
   1.0427200000E+001                        0
   1.0533600000E+001                        0
   1.0640000000E+001                        0
