   0.0000000000E+000                   228262
   1.0640000000E-001                   458064
   2.1280000000E-001                   456694
   3.1920000000E-001                   457511
   4.2560000000E-001                   458738
   5.3200000000E-001                   458724
   6.3840000000E-001                   456861
   7.4480000000E-001                   458430
   8.5120000000E-001                   459010
   9.5760000000E-001                   458427
   1.0640000000E+000                   456021
   1.1704000000E+000                   456323
   1.2768000000E+000                   455382
   1.3832000000E+000                   456475
   1.4896000000E+000                   456958
   1.5960000000E+000                   458486
   1.7024000000E+000                   458951
   1.8088000000E+000                   459543
   1.9152000000E+000                   458995
   2.0216000000E+000                   458524
   2.1280000000E+000                   459309
   2.2344000000E+000                   459237
   2.3408000000E+000                   460148
   2.4472000000E+000                   458631
   2.5536000000E+000                   459442
   2.6600000000E+000                   456042
   2.7664000000E+000                   435862
   2.8728000000E+000                   356632
   2.9792000000E+000                   259959
   3.0856000000E+000                   200772
   3.1920000000E+000                   171772
   3.2984000000E+000                   162025
   3.4048000000E+000                   156887
   3.5112000000E+000                   154642
   3.6176000000E+000                   153717
   3.7240000000E+000                   153174
   3.8304000000E+000                   153166
   3.9368000000E+000                   152297
   4.0432000000E+000                   152994
   4.1496000000E+000                   152210
   4.2560000000E+000                   152254
   4.3624000000E+000                   153495
   4.4688000000E+000                   153524
   4.5752000000E+000                   149195
   4.6816000000E+000                   135581
   4.7880000000E+000                   105535
   4.8944000000E+000                    69043
   5.0008000000E+000                    42307
   5.1072000000E+000                    29125
   5.2136000000E+000                    23907
   5.3200000000E+000                    22501
   5.4264000000E+000                    21735
   5.5328000000E+000                    19474
   5.6392000000E+000                    14991
   5.7456000000E+000                     8127
   5.8520000000E+000                     2982
   5.9584000000E+000                      727
   6.0648000000E+000                      162
   6.1712000000E+000                       27
   6.2776000000E+000                       10
   6.3840000000E+000                        1
   6.4904000000E+000                        0
   6.5968000000E+000                        0
   6.7032000000E+000                        0
   6.8096000000E+000                        0
   6.9160000000E+000                        0
   7.0224000000E+000                        0
   7.1288000000E+000                        0
   7.2352000000E+000                        0
   7.3416000000E+000                        0
   7.4480000000E+000                        0
   7.5544000000E+000                        0
   7.6608000000E+000                        0
   7.7672000000E+000                        0
   7.8736000000E+000                        0
   7.9800000000E+000                        0
   8.0864000000E+000                        0
   8.1928000000E+000                        0
   8.2992000000E+000                        0
   8.4056000000E+000                        0
   8.5120000000E+000                        0
   8.6184000000E+000                        0
   8.7248000000E+000                        0
   8.8312000000E+000                        0
   8.9376000000E+000                        0
   9.0440000000E+000                        0
   9.1504000000E+000                        0
   9.2568000000E+000                        0
   9.3632000000E+000                        0
   9.4696000000E+000                        0
   9.5760000000E+000                        0
   9.6824000000E+000                        0
   9.7888000000E+000                        0
   9.8952000000E+000                        0
   1.0001600000E+001                        0
   1.0108000000E+001                        0
   1.0214400000E+001                        0
   1.0320800000E+001                        0
   1.0427200000E+001                        0
   1.0533600000E+001                        0
   1.0640000000E+001                        0
