   0.0000000000E+000                   209104
   1.0640000000E-001                   420469
   2.1280000000E-001                   422153
   3.1920000000E-001                   420657
   4.2560000000E-001                   421280
   5.3200000000E-001                   419915
   6.3840000000E-001                   417613
   7.4480000000E-001                   417269
   8.5120000000E-001                   417913
   9.5760000000E-001                   418739
   1.0640000000E+000                   415822
   1.1704000000E+000                   413487
   1.2768000000E+000                   412227
   1.3832000000E+000                   413149
   1.4896000000E+000                   414072
   1.5960000000E+000                   411466
   1.7024000000E+000                   411775
   1.8088000000E+000                   413171
   1.9152000000E+000                   412394
   2.0216000000E+000                   412565
   2.1280000000E+000                   412691
   2.2344000000E+000                   412215
   2.3408000000E+000                   414143
   2.4472000000E+000                   414523
   2.5536000000E+000                   415689
   2.6600000000E+000                   416762
   2.7664000000E+000                   415867
   2.8728000000E+000                   414101
   2.9792000000E+000                   398122
   3.0856000000E+000                   351631
   3.1920000000E+000                   289935
   3.2984000000E+000                   236423
   3.4048000000E+000                   198206
   3.5112000000E+000                   174092
   3.6176000000E+000                   158564
   3.7240000000E+000                   150143
   3.8304000000E+000                   144787
   3.9368000000E+000                   142184
   4.0432000000E+000                   139914
   4.1496000000E+000                   140853
   4.2560000000E+000                   139803
   4.3624000000E+000                   139088
   4.4688000000E+000                   138312
   4.5752000000E+000                   138950
   4.6816000000E+000                   138833
   4.7880000000E+000                   139001
   4.8944000000E+000                   137472
   5.0008000000E+000                   132683
   5.1072000000E+000                   121108
   5.2136000000E+000                   102139
   5.3200000000E+000                    79361
   5.4264000000E+000                    57970
   5.5328000000E+000                    40425
   5.6392000000E+000                    30294
   5.7456000000E+000                    25854
   5.8520000000E+000                    23153
   5.9584000000E+000                    20546
   6.0648000000E+000                    16469
   6.1712000000E+000                    11420
   6.2776000000E+000                     6423
   6.3840000000E+000                     2981
   6.4904000000E+000                     1140
   6.5968000000E+000                      365
   6.7032000000E+000                       99
   6.8096000000E+000                       24
   6.9160000000E+000                        2
   7.0224000000E+000                        0
   7.1288000000E+000                        0
   7.2352000000E+000                        0
   7.3416000000E+000                        0
   7.4480000000E+000                        0
   7.5544000000E+000                        0
   7.6608000000E+000                        0
   7.7672000000E+000                        0
   7.8736000000E+000                        0
   7.9800000000E+000                        0
   8.0864000000E+000                        0
   8.1928000000E+000                        0
   8.2992000000E+000                        0
   8.4056000000E+000                        0
   8.5120000000E+000                        0
   8.6184000000E+000                        0
   8.7248000000E+000                        0
   8.8312000000E+000                        0
   8.9376000000E+000                        0
   9.0440000000E+000                        0
   9.1504000000E+000                        0
   9.2568000000E+000                        0
   9.3632000000E+000                        0
   9.4696000000E+000                        0
   9.5760000000E+000                        0
   9.6824000000E+000                        0
   9.7888000000E+000                        0
   9.8952000000E+000                        0
   1.0001600000E+001                        0
   1.0108000000E+001                        0
   1.0214400000E+001                        0
   1.0320800000E+001                        0
   1.0427200000E+001                        0
   1.0533600000E+001                        0
   1.0640000000E+001                        0
