   0.0000000000E+000                   228226
   1.0640000000E-001                   456712
   2.1280000000E-001                   456754
   3.1920000000E-001                   454851
   4.2560000000E-001                   455444
   5.3200000000E-001                   456736
   6.3840000000E-001                   458450
   7.4480000000E-001                   456658
   8.5120000000E-001                   456450
   9.5760000000E-001                   458153
   1.0640000000E+000                   456167
   1.1704000000E+000                   456403
   1.2768000000E+000                   456441
   1.3832000000E+000                   455475
   1.4896000000E+000                   455848
   1.5960000000E+000                   455267
   1.7024000000E+000                   456405
   1.8088000000E+000                   457087
   1.9152000000E+000                   456858
   2.0216000000E+000                   457646
   2.1280000000E+000                   455855
   2.2344000000E+000                   456979
   2.3408000000E+000                   457300
   2.4472000000E+000                   458499
   2.5536000000E+000                   458574
   2.6600000000E+000                   459463
   2.7664000000E+000                   436273
   2.8728000000E+000                   354656
   2.9792000000E+000                   262914
   3.0856000000E+000                   204480
   3.1920000000E+000                   176171
   3.2984000000E+000                   163120
   3.4048000000E+000                   158097
   3.5112000000E+000                   155771
   3.6176000000E+000                   155275
   3.7240000000E+000                   154266
   3.8304000000E+000                   154296
   3.9368000000E+000                   152890
   4.0432000000E+000                   152728
   4.1496000000E+000                   151990
   4.2560000000E+000                   152128
   4.3624000000E+000                   152800
   4.4688000000E+000                   151801
   4.5752000000E+000                   147623
   4.6816000000E+000                   133820
   4.7880000000E+000                   106631
   4.8944000000E+000                    72745
   5.0008000000E+000                    46476
   5.1072000000E+000                    31685
   5.2136000000E+000                    25146
   5.3200000000E+000                    23253
   5.4264000000E+000                    22452
   5.5328000000E+000                    20200
   5.6392000000E+000                    15924
   5.7456000000E+000                     9027
   5.8520000000E+000                     3738
   5.9584000000E+000                     1271
   6.0648000000E+000                      369
   6.1712000000E+000                      158
   6.2776000000E+000                      105
   6.3840000000E+000                       80
   6.4904000000E+000                      105
   6.5968000000E+000                      110
   6.7032000000E+000                      148
   6.8096000000E+000                      123
   6.9160000000E+000                      116
   7.0224000000E+000                       94
   7.1288000000E+000                       74
   7.2352000000E+000                       74
   7.3416000000E+000                       38
   7.4480000000E+000                       13
   7.5544000000E+000                        6
   7.6608000000E+000                        7
   7.7672000000E+000                        4
   7.8736000000E+000                        7
   7.9800000000E+000                       10
   8.0864000000E+000                        3
   8.1928000000E+000                        0
   8.2992000000E+000                        1
   8.4056000000E+000                        0
   8.5120000000E+000                        5
   8.6184000000E+000                        1
   8.7248000000E+000                        1
   8.8312000000E+000                        0
   8.9376000000E+000                        0
   9.0440000000E+000                        0
   9.1504000000E+000                        0
   9.2568000000E+000                        0
   9.3632000000E+000                        0
   9.4696000000E+000                        0
   9.5760000000E+000                        0
   9.6824000000E+000                        0
   9.7888000000E+000                        0
   9.8952000000E+000                        0
   1.0001600000E+001                        0
   1.0108000000E+001                        0
   1.0214400000E+001                        0
   1.0320800000E+001                        0
   1.0427200000E+001                        0
   1.0533600000E+001                        0
   1.0640000000E+001                        0
