   0.0000000000E+000                        0
   1.0640000000E-001                        0
   2.1280000000E-001                        0
   3.1920000000E-001                        0
   4.2560000000E-001                        0
   5.3200000000E-001                        0
   6.3840000000E-001                        0
   7.4480000000E-001                        0
   8.5120000000E-001                        0
   9.5760000000E-001                        0
   1.0640000000E+000                        0
   1.1704000000E+000                        0
   1.2768000000E+000                        0
   1.3832000000E+000                        0
   1.4896000000E+000                        0
   1.5960000000E+000                        0
   1.7024000000E+000                        0
   1.8088000000E+000                        0
   1.9152000000E+000                        0
   2.0216000000E+000                        0
   2.1280000000E+000                        0
   2.2344000000E+000                        0
   2.3408000000E+000                        0
   2.4472000000E+000                      327
   2.5536000000E+000                    17307
   2.6600000000E+000                   153210
   2.7664000000E+000                   445567
   2.8728000000E+000                   691185
   2.9792000000E+000                   764849
   3.0856000000E+000                   713410
   3.1920000000E+000                   605962
   3.2984000000E+000                   506902
   3.4048000000E+000                   425495
   3.5112000000E+000                   360315
   3.6176000000E+000                   314458
   3.7240000000E+000                   282397
   3.8304000000E+000                   259160
   3.9368000000E+000                   242798
   4.0432000000E+000                   232454
   4.1496000000E+000                   228093
   4.2560000000E+000                   227950
   4.3624000000E+000                   233236
   4.4688000000E+000                   241010
   4.5752000000E+000                   251339
   4.6816000000E+000                   268205
   4.7880000000E+000                   289453
   4.8944000000E+000                   311952
   5.0008000000E+000                   333268
   5.1072000000E+000                   353377
   5.2136000000E+000                   366572
   5.3200000000E+000                   379455
   5.4264000000E+000                   385961
   5.5328000000E+000                   387356
   5.6392000000E+000                   381943
   5.7456000000E+000                   368181
   5.8520000000E+000                   349065
   5.9584000000E+000                   326431
   6.0648000000E+000                   301023
   6.1712000000E+000                   277897
   6.2776000000E+000                   254626
   6.3840000000E+000                   233136
   6.4904000000E+000                   215275
   6.5968000000E+000                   200786
   6.7032000000E+000                   185901
   6.8096000000E+000                   175436
   6.9160000000E+000                   165762
   7.0224000000E+000                   157362
   7.1288000000E+000                   151362
   7.2352000000E+000                   144524
   7.3416000000E+000                   138499
   7.4480000000E+000                   131140
   7.5544000000E+000                   123911
   7.6608000000E+000                   117732
   7.7672000000E+000                   111116
   7.8736000000E+000                   102512
   7.9800000000E+000                    95274
   8.0864000000E+000                    85720
   8.1928000000E+000                    77625
   8.2992000000E+000                    69502
   8.4056000000E+000                    61262
   8.5120000000E+000                    53740
   8.6184000000E+000                    47032
   8.7248000000E+000                    40686
   8.8312000000E+000                    35123
   8.9376000000E+000                    29509
   9.0440000000E+000                    24660
   9.1504000000E+000                    20338
   9.2568000000E+000                    17139
   9.3632000000E+000                    14016
   9.4696000000E+000                    11307
   9.5760000000E+000                     8842
   9.6824000000E+000                     7007
   9.7888000000E+000                     5309
   9.8952000000E+000                     3766
   1.0001600000E+001                     2431
   1.0108000000E+001                     1612
   1.0214400000E+001                      859
   1.0320800000E+001                      400
   1.0427200000E+001                      166
   1.0533600000E+001                       32
   1.0640000000E+001                        0
