   0.0000000000E+000                   228295
   1.0640000000E-001                   458335
   2.1280000000E-001                   456615
   3.1920000000E-001                   458593
   4.2560000000E-001                   456669
   5.3200000000E-001                   457460
   6.3840000000E-001                   459203
   7.4480000000E-001                   454844
   8.5120000000E-001                   454760
   9.5760000000E-001                   455806
   1.0640000000E+000                   455068
   1.1704000000E+000                   456835
   1.2768000000E+000                   455360
   1.3832000000E+000                   455211
   1.4896000000E+000                   456478
   1.5960000000E+000                   455263
   1.7024000000E+000                   456950
   1.8088000000E+000                   456499
   1.9152000000E+000                   456853
   2.0216000000E+000                   457078
   2.1280000000E+000                   458266
   2.2344000000E+000                   456523
   2.3408000000E+000                   456478
   2.4472000000E+000                   459000
   2.5536000000E+000                   458826
   2.6600000000E+000                   460431
   2.7664000000E+000                   437088
   2.8728000000E+000                   355794
   2.9792000000E+000                   262834
   3.0856000000E+000                   204234
   3.1920000000E+000                   174997
   3.2984000000E+000                   164682
   3.4048000000E+000                   157211
   3.5112000000E+000                   155367
   3.6176000000E+000                   153651
   3.7240000000E+000                   152900
   3.8304000000E+000                   152917
   3.9368000000E+000                   153013
   4.0432000000E+000                   153872
   4.1496000000E+000                   153574
   4.2560000000E+000                   153949
   4.3624000000E+000                   153292
   4.4688000000E+000                   151311
   4.5752000000E+000                   147437
   4.6816000000E+000                   133592
   4.7880000000E+000                   104965
   4.8944000000E+000                    71330
   5.0008000000E+000                    46319
   5.1072000000E+000                    31300
   5.2136000000E+000                    24857
   5.3200000000E+000                    23090
   5.4264000000E+000                    22034
   5.5328000000E+000                    20682
   5.6392000000E+000                    16137
   5.7456000000E+000                     9210
   5.8520000000E+000                     3866
   5.9584000000E+000                     1301
   6.0648000000E+000                      363
   6.1712000000E+000                      152
   6.2776000000E+000                      119
   6.3840000000E+000                      105
   6.4904000000E+000                       78
   6.5968000000E+000                       84
   6.7032000000E+000                       82
   6.8096000000E+000                       78
   6.9160000000E+000                      108
   7.0224000000E+000                       91
   7.1288000000E+000                       92
   7.2352000000E+000                       45
   7.3416000000E+000                       40
   7.4480000000E+000                       15
   7.5544000000E+000                       10
   7.6608000000E+000                       13
   7.7672000000E+000                       14
   7.8736000000E+000                        1
   7.9800000000E+000                        1
   8.0864000000E+000                        1
   8.1928000000E+000                        3
   8.2992000000E+000                        0
   8.4056000000E+000                        0
   8.5120000000E+000                        0
   8.6184000000E+000                        0
   8.7248000000E+000                        0
   8.8312000000E+000                        0
   8.9376000000E+000                        0
   9.0440000000E+000                        0
   9.1504000000E+000                        0
   9.2568000000E+000                        0
   9.3632000000E+000                        0
   9.4696000000E+000                        0
   9.5760000000E+000                        0
   9.6824000000E+000                        0
   9.7888000000E+000                        0
   9.8952000000E+000                        0
   1.0001600000E+001                        0
   1.0108000000E+001                        0
   1.0214400000E+001                        0
   1.0320800000E+001                        0
   1.0427200000E+001                        0
   1.0533600000E+001                        0
   1.0640000000E+001                        0
