   0.0000000000E+000                   204070
   1.0640000000E-001                   407714
   2.1280000000E-001                   409152
   3.1920000000E-001                   406702
   4.2560000000E-001                   405684
   5.3200000000E-001                   405404
   6.3840000000E-001                   401701
   7.4480000000E-001                   401284
   8.5120000000E-001                   399882
   9.5760000000E-001                   396478
   1.0640000000E+000                   393905
   1.1704000000E+000                   391749
   1.2768000000E+000                   388175
   1.3832000000E+000                   384296
   1.4896000000E+000                   382536
   1.5960000000E+000                   377646
   1.7024000000E+000                   375219
   1.8088000000E+000                   371802
   1.9152000000E+000                   368166
   2.0216000000E+000                   364389
   2.1280000000E+000                   361460
   2.2344000000E+000                   357466
   2.3408000000E+000                   353131
   2.4472000000E+000                   351896
   2.5536000000E+000                   348335
   2.6600000000E+000                   346767
   2.7664000000E+000                   343601
   2.8728000000E+000                   336144
   2.9792000000E+000                   325658
   3.0856000000E+000                   309211
   3.1920000000E+000                   288268
   3.2984000000E+000                   269887
   3.4048000000E+000                   252091
   3.5112000000E+000                   233641
   3.6176000000E+000                   221075
   3.7240000000E+000                   207764
   3.8304000000E+000                   196797
   3.9368000000E+000                   187905
   4.0432000000E+000                   177106
   4.1496000000E+000                   168605
   4.2560000000E+000                   161934
   4.3624000000E+000                   152826
   4.4688000000E+000                   144683
   4.5752000000E+000                   138471
   4.6816000000E+000                   131290
   4.7880000000E+000                   124466
   4.8944000000E+000                   118101
   5.0008000000E+000                   111242
   5.1072000000E+000                   105902
   5.2136000000E+000                    99369
   5.3200000000E+000                    94024
   5.4264000000E+000                    87396
   5.5328000000E+000                    82615
   5.6392000000E+000                    75844
   5.7456000000E+000                    70923
   5.8520000000E+000                    65167
   5.9584000000E+000                    59873
   6.0648000000E+000                    55059
   6.1712000000E+000                    49540
   6.2776000000E+000                    45453
   6.3840000000E+000                    40836
   6.4904000000E+000                    36437
   6.5968000000E+000                    32890
   6.7032000000E+000                    29633
   6.8096000000E+000                    26514
   6.9160000000E+000                    23939
   7.0224000000E+000                    21377
   7.1288000000E+000                    18984
   7.2352000000E+000                    17161
   7.3416000000E+000                    15080
   7.4480000000E+000                    13198
   7.5544000000E+000                    11845
   7.6608000000E+000                    10181
   7.7672000000E+000                     8876
   7.8736000000E+000                     7880
   7.9800000000E+000                     6727
   8.0864000000E+000                     5674
   8.1928000000E+000                     4833
   8.2992000000E+000                     4068
   8.4056000000E+000                     3452
   8.5120000000E+000                     2860
   8.6184000000E+000                     2352
   8.7248000000E+000                     1963
   8.8312000000E+000                     1633
   8.9376000000E+000                     1248
   9.0440000000E+000                      954
   9.1504000000E+000                      726
   9.2568000000E+000                      517
   9.3632000000E+000                      393
   9.4696000000E+000                      316
   9.5760000000E+000                      198
   9.6824000000E+000                      134
   9.7888000000E+000                       82
   9.8952000000E+000                       54
   1.0001600000E+001                       28
   1.0108000000E+001                       11
   1.0214400000E+001                        2
   1.0320800000E+001                        4
   1.0427200000E+001                        0
   1.0533600000E+001                        0
   1.0640000000E+001                        0
