   0.0000000000E+000                   227362
   1.0640000000E-001                   453907
   2.1280000000E-001                   452635
   3.1920000000E-001                   454079
   4.2560000000E-001                   453869
   5.3200000000E-001                   454375
   6.3840000000E-001                   453555
   7.4480000000E-001                   452828
   8.5120000000E-001                   454616
   9.5760000000E-001                   453123
   1.0640000000E+000                   454502
   1.1704000000E+000                   452805
   1.2768000000E+000                   453839
   1.3832000000E+000                   453221
   1.4896000000E+000                   454815
   1.5960000000E+000                   454364
   1.7024000000E+000                   454005
   1.8088000000E+000                   453625
   1.9152000000E+000                   453256
   2.0216000000E+000                   453827
   2.1280000000E+000                   455426
   2.2344000000E+000                   455838
   2.3408000000E+000                   456755
   2.4472000000E+000                   456125
   2.5536000000E+000                   455754
   2.6600000000E+000                   457600
   2.7664000000E+000                   434608
   2.8728000000E+000                   355898
   2.9792000000E+000                   268119
   3.0856000000E+000                   210696
   3.1920000000E+000                   181112
   3.2984000000E+000                   166247
   3.4048000000E+000                   159909
   3.5112000000E+000                   157027
   3.6176000000E+000                   155015
   3.7240000000E+000                   154383
   3.8304000000E+000                   154247
   3.9368000000E+000                   154231
   4.0432000000E+000                   153957
   4.1496000000E+000                   152487
   4.2560000000E+000                   152868
   4.3624000000E+000                   153456
   4.4688000000E+000                   151049
   4.5752000000E+000                   146922
   4.6816000000E+000                   133621
   4.7880000000E+000                   109315
   4.8944000000E+000                    77583
   5.0008000000E+000                    51978
   5.1072000000E+000                    35773
   5.2136000000E+000                    28245
   5.3200000000E+000                    25359
   5.4264000000E+000                    23621
   5.5328000000E+000                    21675
   5.6392000000E+000                    17145
   5.7456000000E+000                    10930
   5.8520000000E+000                     5759
   5.9584000000E+000                     2513
   6.0648000000E+000                     1163
   6.1712000000E+000                      804
   6.2776000000E+000                      659
   6.3840000000E+000                      581
   6.4904000000E+000                      542
   6.5968000000E+000                      574
   6.7032000000E+000                      590
   6.8096000000E+000                      628
   6.9160000000E+000                      601
   7.0224000000E+000                      506
   7.1288000000E+000                      384
   7.2352000000E+000                      325
   7.3416000000E+000                      249
   7.4480000000E+000                      150
   7.5544000000E+000                      108
   7.6608000000E+000                       80
   7.7672000000E+000                       69
   7.8736000000E+000                       50
   7.9800000000E+000                       41
   8.0864000000E+000                       15
   8.1928000000E+000                        4
   8.2992000000E+000                        8
   8.4056000000E+000                        4
   8.5120000000E+000                        8
   8.6184000000E+000                        2
   8.7248000000E+000                        0
   8.8312000000E+000                        1
   8.9376000000E+000                        0
   9.0440000000E+000                        0
   9.1504000000E+000                        0
   9.2568000000E+000                        0
   9.3632000000E+000                        0
   9.4696000000E+000                        0
   9.5760000000E+000                        0
   9.6824000000E+000                        0
   9.7888000000E+000                        0
   9.8952000000E+000                        0
   1.0001600000E+001                        0
   1.0108000000E+001                        0
   1.0214400000E+001                        0
   1.0320800000E+001                        0
   1.0427200000E+001                        0
   1.0533600000E+001                        0
   1.0640000000E+001                        0
