   0.0000000000E+000                   172560
   1.0640000000E-001                   344498
   2.1280000000E-001                   343694
   3.1920000000E-001                   344015
   4.2560000000E-001                   344093
   5.3200000000E-001                   343307
   6.3840000000E-001                   343555
   7.4480000000E-001                   344458
   8.5120000000E-001                   343997
   9.5760000000E-001                   345166
   1.0640000000E+000                   344988
   1.1704000000E+000                   345094
   1.2768000000E+000                   345329
   1.3832000000E+000                   346514
   1.4896000000E+000                   346697
   1.5960000000E+000                   349481
   1.7024000000E+000                   351253
   1.8088000000E+000                   351486
   1.9152000000E+000                   352765
   2.0216000000E+000                   354275
   2.1280000000E+000                   355480
   2.2344000000E+000                   358850
   2.3408000000E+000                   357913
   2.4472000000E+000                   361048
   2.5536000000E+000                   362486
   2.6600000000E+000                   356449
   2.7664000000E+000                   341463
   2.8728000000E+000                   321069
   2.9792000000E+000                   300907
   3.0856000000E+000                   280958
   3.1920000000E+000                   265914
   3.2984000000E+000                   252981
   3.4048000000E+000                   242422
   3.5112000000E+000                   233200
   3.6176000000E+000                   223380
   3.7240000000E+000                   216888
   3.8304000000E+000                   209350
   3.9368000000E+000                   202313
   4.0432000000E+000                   197507
   4.1496000000E+000                   191323
   4.2560000000E+000                   185937
   4.3624000000E+000                   179315
   4.4688000000E+000                   173882
   4.5752000000E+000                   169265
   4.6816000000E+000                   162249
   4.7880000000E+000                   155689
   4.8944000000E+000                   150450
   5.0008000000E+000                   143831
   5.1072000000E+000                   137511
   5.2136000000E+000                   130698
   5.3200000000E+000                   123832
   5.4264000000E+000                   116480
   5.5328000000E+000                   108829
   5.6392000000E+000                   103031
   5.7456000000E+000                    96437
   5.8520000000E+000                    89951
   5.9584000000E+000                    83582
   6.0648000000E+000                    77850
   6.1712000000E+000                    72801
   6.2776000000E+000                    67733
   6.3840000000E+000                    62731
   6.4904000000E+000                    58743
   6.5968000000E+000                    54352
   6.7032000000E+000                    50425
   6.8096000000E+000                    46379
   6.9160000000E+000                    43043
   7.0224000000E+000                    40011
   7.1288000000E+000                    37204
   7.2352000000E+000                    33948
   7.3416000000E+000                    31129
   7.4480000000E+000                    28287
   7.5544000000E+000                    25911
   7.6608000000E+000                    23031
   7.7672000000E+000                    20730
   7.8736000000E+000                    18788
   7.9800000000E+000                    16172
   8.0864000000E+000                    14267
   8.1928000000E+000                    12761
   8.2992000000E+000                    10968
   8.4056000000E+000                     9827
   8.5120000000E+000                     8218
   8.6184000000E+000                     6787
   8.7248000000E+000                     5794
   8.8312000000E+000                     4968
   8.9376000000E+000                     4017
   9.0440000000E+000                     3322
   9.1504000000E+000                     2495
   9.2568000000E+000                     2097
   9.3632000000E+000                     1572
   9.4696000000E+000                     1143
   9.5760000000E+000                      821
   9.6824000000E+000                      613
   9.7888000000E+000                      418
   9.8952000000E+000                      257
   1.0001600000E+001                      140
   1.0108000000E+001                      101
   1.0214400000E+001                       33
   1.0320800000E+001                       16
   1.0427200000E+001                        0
   1.0533600000E+001                        2
   1.0640000000E+001                        0
