   0.0000000000E+000                   182595
   1.0640000000E-001                   365519
   2.1280000000E-001                   364299
   3.1920000000E-001                   366231
   4.2560000000E-001                   366737
   5.3200000000E-001                   368193
   6.3840000000E-001                   367615
   7.4480000000E-001                   368420
   8.5120000000E-001                   369871
   9.5760000000E-001                   369178
   1.0640000000E+000                   372576
   1.1704000000E+000                   371964
   1.2768000000E+000                   374805
   1.3832000000E+000                   375880
   1.4896000000E+000                   376216
   1.5960000000E+000                   378448
   1.7024000000E+000                   380368
   1.8088000000E+000                   381780
   1.9152000000E+000                   386065
   2.0216000000E+000                   388449
   2.1280000000E+000                   390854
   2.2344000000E+000                   394728
   2.3408000000E+000                   399386
   2.4472000000E+000                   402621
   2.5536000000E+000                   408894
   2.6600000000E+000                   408355
   2.7664000000E+000                   387644
   2.8728000000E+000                   345713
   2.9792000000E+000                   301879
   3.0856000000E+000                   266005
   3.1920000000E+000                   240921
   3.2984000000E+000                   225588
   3.4048000000E+000                   214354
   3.5112000000E+000                   206298
   3.6176000000E+000                   199351
   3.7240000000E+000                   193523
   3.8304000000E+000                   189853
   3.9368000000E+000                   184771
   4.0432000000E+000                   181447
   4.1496000000E+000                   179351
   4.2560000000E+000                   176373
   4.3624000000E+000                   171037
   4.4688000000E+000                   168718
   4.5752000000E+000                   163349
   4.6816000000E+000                   157410
   4.7880000000E+000                   151345
   4.8944000000E+000                   143238
   5.0008000000E+000                   135401
   5.1072000000E+000                   125814
   5.2136000000E+000                   115429
   5.3200000000E+000                   106117
   5.4264000000E+000                    96628
   5.5328000000E+000                    87779
   5.6392000000E+000                    79197
   5.7456000000E+000                    70584
   5.8520000000E+000                    62978
   5.9584000000E+000                    56769
   6.0648000000E+000                    51644
   6.1712000000E+000                    46969
   6.2776000000E+000                    43223
   6.3840000000E+000                    39860
   6.4904000000E+000                    36967
   6.5968000000E+000                    34578
   6.7032000000E+000                    31886
   6.8096000000E+000                    29775
   6.9160000000E+000                    27267
   7.0224000000E+000                    25204
   7.1288000000E+000                    23089
   7.2352000000E+000                    20950
   7.3416000000E+000                    18879
   7.4480000000E+000                    16895
   7.5544000000E+000                    14796
   7.6608000000E+000                    12804
   7.7672000000E+000                    10781
   7.8736000000E+000                     8984
   7.9800000000E+000                     7678
   8.0864000000E+000                     6332
   8.1928000000E+000                     5332
   8.2992000000E+000                     4338
   8.4056000000E+000                     3624
   8.5120000000E+000                     2951
   8.6184000000E+000                     2385
   8.7248000000E+000                     1874
   8.8312000000E+000                     1479
   8.9376000000E+000                     1115
   9.0440000000E+000                      914
   9.1504000000E+000                      727
   9.2568000000E+000                      552
   9.3632000000E+000                      392
   9.4696000000E+000                      333
   9.5760000000E+000                      179
   9.6824000000E+000                      138
   9.7888000000E+000                       94
   9.8952000000E+000                       55
   1.0001600000E+001                       28
   1.0108000000E+001                       12
   1.0214400000E+001                        3
   1.0320800000E+001                        3
   1.0427200000E+001                        0
   1.0533600000E+001                        0
   1.0640000000E+001                        0
