   0.0000000000E+000                   231992
   1.0640000000E-001                   463543
   2.1280000000E-001                   466009
   3.1920000000E-001                   464290
   4.2560000000E-001                   461755
   5.3200000000E-001                   460035
   6.3840000000E-001                   456668
   7.4480000000E-001                   453755
   8.5120000000E-001                   449758
   9.5760000000E-001                   444382
   1.0640000000E+000                   439087
   1.1704000000E+000                   435820
   1.2768000000E+000                   432546
   1.3832000000E+000                   428194
   1.4896000000E+000                   425200
   1.5960000000E+000                   420542
   1.7024000000E+000                   417531
   1.8088000000E+000                   413574
   1.9152000000E+000                   411248
   2.0216000000E+000                   409091
   2.1280000000E+000                   407831
   2.2344000000E+000                   405655
   2.3408000000E+000                   403881
   2.4472000000E+000                   400896
   2.5536000000E+000                   398898
   2.6600000000E+000                   398283
   2.7664000000E+000                   397454
   2.8728000000E+000                   390617
   2.9792000000E+000                   372703
   3.0856000000E+000                   334263
   3.1920000000E+000                   286833
   3.2984000000E+000                   241846
   3.4048000000E+000                   206934
   3.5112000000E+000                   181964
   3.6176000000E+000                   164011
   3.7240000000E+000                   150668
   3.8304000000E+000                   142159
   3.9368000000E+000                   134908
   4.0432000000E+000                   128391
   4.1496000000E+000                   123381
   4.2560000000E+000                   119142
   4.3624000000E+000                   116269
   4.4688000000E+000                   113972
   4.5752000000E+000                   109891
   4.6816000000E+000                   107762
   4.7880000000E+000                   103144
   4.8944000000E+000                   100353
   5.0008000000E+000                    95012
   5.1072000000E+000                    88046
   5.2136000000E+000                    78132
   5.3200000000E+000                    65683
   5.4264000000E+000                    53625
   5.5328000000E+000                    42047
   5.6392000000E+000                    33341
   5.7456000000E+000                    26788
   5.8520000000E+000                    22137
   5.9584000000E+000                    18483
   6.0648000000E+000                    15214
   6.1712000000E+000                    11629
   6.2776000000E+000                     8196
   6.3840000000E+000                     5403
   6.4904000000E+000                     3360
   6.5968000000E+000                     2101
   6.7032000000E+000                     1237
   6.8096000000E+000                      820
   6.9160000000E+000                      463
   7.0224000000E+000                      307
   7.1288000000E+000                      217
   7.2352000000E+000                      166
   7.3416000000E+000                      139
   7.4480000000E+000                       93
   7.5544000000E+000                       66
   7.6608000000E+000                       50
   7.7672000000E+000                       32
   7.8736000000E+000                       22
   7.9800000000E+000                       15
   8.0864000000E+000                       10
   8.1928000000E+000                       11
   8.2992000000E+000                        2
   8.4056000000E+000                        2
   8.5120000000E+000                        2
   8.6184000000E+000                        9
   8.7248000000E+000                        2
   8.8312000000E+000                        1
   8.9376000000E+000                        1
   9.0440000000E+000                        1
   9.1504000000E+000                        0
   9.2568000000E+000                        0
   9.3632000000E+000                        1
   9.4696000000E+000                        2
   9.5760000000E+000                        2
   9.6824000000E+000                        1
   9.7888000000E+000                        0
   9.8952000000E+000                        0
   1.0001600000E+001                        0
   1.0108000000E+001                        0
   1.0214400000E+001                        0
   1.0320800000E+001                        0
   1.0427200000E+001                        0
   1.0533600000E+001                        0
   1.0640000000E+001                        0
