   0.0000000000E+000                   183350
   1.0640000000E-001                   370289
   2.1280000000E-001                   367810
   3.1920000000E-001                   371404
   4.2560000000E-001                   370738
   5.3200000000E-001                   371633
   6.3840000000E-001                   370557
   7.4480000000E-001                   372586
   8.5120000000E-001                   372549
   9.5760000000E-001                   374210
   1.0640000000E+000                   375062
   1.1704000000E+000                   375847
   1.2768000000E+000                   377558
   1.3832000000E+000                   378778
   1.4896000000E+000                   380742
   1.5960000000E+000                   382520
   1.7024000000E+000                   385084
   1.8088000000E+000                   388047
   1.9152000000E+000                   389641
   2.0216000000E+000                   393289
   2.1280000000E+000                   395418
   2.2344000000E+000                   400176
   2.3408000000E+000                   405336
   2.4472000000E+000                   411559
   2.5536000000E+000                   416414
   2.6600000000E+000                   416445
   2.7664000000E+000                   394363
   2.8728000000E+000                   348985
   2.9792000000E+000                   300487
   3.0856000000E+000                   262976
   3.1920000000E+000                   237867
   3.2984000000E+000                   220619
   3.4048000000E+000                   209519
   3.5112000000E+000                   201914
   3.6176000000E+000                   195063
   3.7240000000E+000                   190621
   3.8304000000E+000                   186019
   3.9368000000E+000                   183990
   4.0432000000E+000                   180793
   4.1496000000E+000                   177652
   4.2560000000E+000                   175125
   4.3624000000E+000                   171291
   4.4688000000E+000                   167012
   4.5752000000E+000                   163983
   4.6816000000E+000                   157570
   4.7880000000E+000                   151222
   4.8944000000E+000                   141741
   5.0008000000E+000                   132589
   5.1072000000E+000                   123188
   5.2136000000E+000                   112307
   5.3200000000E+000                   102704
   5.4264000000E+000                    93177
   5.5328000000E+000                    83307
   5.6392000000E+000                    74890
   5.7456000000E+000                    66123
   5.8520000000E+000                    59225
   5.9584000000E+000                    53101
   6.0648000000E+000                    47135
   6.1712000000E+000                    43192
   6.2776000000E+000                    39260
   6.3840000000E+000                    36370
   6.4904000000E+000                    33842
   6.5968000000E+000                    31417
   6.7032000000E+000                    29488
   6.8096000000E+000                    27366
   6.9160000000E+000                    25567
   7.0224000000E+000                    23306
   7.1288000000E+000                    21304
   7.2352000000E+000                    18971
   7.3416000000E+000                    16809
   7.4480000000E+000                    15048
   7.5544000000E+000                    13109
   7.6608000000E+000                    11053
   7.7672000000E+000                     9394
   7.8736000000E+000                     7955
   7.9800000000E+000                     6745
   8.0864000000E+000                     5394
   8.1928000000E+000                     4425
   8.2992000000E+000                     3507
   8.4056000000E+000                     2798
   8.5120000000E+000                     2256
   8.6184000000E+000                     1779
   8.7248000000E+000                     1470
   8.8312000000E+000                     1106
   8.9376000000E+000                      861
   9.0440000000E+000                      726
   9.1504000000E+000                      502
   9.2568000000E+000                      423
   9.3632000000E+000                      301
   9.4696000000E+000                      226
   9.5760000000E+000                      174
   9.6824000000E+000                      114
   9.7888000000E+000                       75
   9.8952000000E+000                       21
   1.0001600000E+001                       25
   1.0108000000E+001                       11
   1.0214400000E+001                        4
   1.0320800000E+001                        5
   1.0427200000E+001                        1
   1.0533600000E+001                        0
   1.0640000000E+001                        0
