   0.0000000000E+000                        0
   1.0640000000E-001                        0
   2.1280000000E-001                        0
   3.1920000000E-001                        0
   4.2560000000E-001                        0
   5.3200000000E-001                        0
   6.3840000000E-001                        0
   7.4480000000E-001                        0
   8.5120000000E-001                        0
   9.5760000000E-001                        0
   1.0640000000E+000                        0
   1.1704000000E+000                        0
   1.2768000000E+000                        0
   1.3832000000E+000                        0
   1.4896000000E+000                        0
   1.5960000000E+000                        0
   1.7024000000E+000                        0
   1.8088000000E+000                        0
   1.9152000000E+000                        0
   2.0216000000E+000                        0
   2.1280000000E+000                        0
   2.2344000000E+000                        0
   2.3408000000E+000                        5
   2.4472000000E+000                      804
   2.5536000000E+000                    24646
   2.6600000000E+000                   156213
   2.7664000000E+000                   389209
   2.8728000000E+000                   572464
   2.9792000000E+000                   633712
   3.0856000000E+000                   598732
   3.1920000000E+000                   530688
   3.2984000000E+000                   459160
   3.4048000000E+000                   399278
   3.5112000000E+000                   351169
   3.6176000000E+000                   315677
   3.7240000000E+000                   289208
   3.8304000000E+000                   271387
   3.9368000000E+000                   257826
   4.0432000000E+000                   247610
   4.1496000000E+000                   243363
   4.2560000000E+000                   241805
   4.3624000000E+000                   244860
   4.4688000000E+000                   249854
   4.5752000000E+000                   255834
   4.6816000000E+000                   267149
   4.7880000000E+000                   280700
   4.8944000000E+000                   295092
   5.0008000000E+000                   310311
   5.1072000000E+000                   328267
   5.2136000000E+000                   339776
   5.3200000000E+000                   351618
   5.4264000000E+000                   359214
   5.5328000000E+000                   364942
   5.6392000000E+000                   362778
   5.7456000000E+000                   356354
   5.8520000000E+000                   342845
   5.9584000000E+000                   327135
   6.0648000000E+000                   311243
   6.1712000000E+000                   292325
   6.2776000000E+000                   275566
   6.3840000000E+000                   259177
   6.4904000000E+000                   243408
   6.5968000000E+000                   228732
   6.7032000000E+000                   216585
   6.8096000000E+000                   204702
   6.9160000000E+000                   194199
   7.0224000000E+000                   185899
   7.1288000000E+000                   176753
   7.2352000000E+000                   169734
   7.3416000000E+000                   161155
   7.4480000000E+000                   153863
   7.5544000000E+000                   145200
   7.6608000000E+000                   138718
   7.7672000000E+000                   131157
   7.8736000000E+000                   123336
   7.9800000000E+000                   114804
   8.0864000000E+000                   106797
   8.1928000000E+000                    98427
   8.2992000000E+000                    89634
   8.4056000000E+000                    81595
   8.5120000000E+000                    73975
   8.6184000000E+000                    64896
   8.7248000000E+000                    57389
   8.8312000000E+000                    50511
   8.9376000000E+000                    43527
   9.0440000000E+000                    37890
   9.1504000000E+000                    31887
   9.2568000000E+000                    26892
   9.3632000000E+000                    22196
   9.4696000000E+000                    18201
   9.5760000000E+000                    14638
   9.6824000000E+000                    11433
   9.7888000000E+000                     8356
   9.8952000000E+000                     5929
   1.0001600000E+001                     4244
   1.0108000000E+001                     2676
   1.0214400000E+001                     1506
   1.0320800000E+001                      789
   1.0427200000E+001                      317
   1.0533600000E+001                       51
   1.0640000000E+001                        3
