   0.0000000000E+000                   251330
   1.0640000000E-001                   500163
   2.1280000000E-001                   498664
   3.1920000000E-001                   495814
   4.2560000000E-001                   492345
   5.3200000000E-001                   487978
   6.3840000000E-001                   484254
   7.4480000000E-001                   479429
   8.5120000000E-001                   474423
   9.5760000000E-001                   467914
   1.0640000000E+000                   461089
   1.1704000000E+000                   454374
   1.2768000000E+000                   446641
   1.3832000000E+000                   441803
   1.4896000000E+000                   436381
   1.5960000000E+000                   430014
   1.7024000000E+000                   424545
   1.8088000000E+000                   418979
   1.9152000000E+000                   412721
   2.0216000000E+000                   410830
   2.1280000000E+000                   406499
   2.2344000000E+000                   403266
   2.3408000000E+000                   396834
   2.4472000000E+000                   394020
   2.5536000000E+000                   391508
   2.6600000000E+000                   388384
   2.7664000000E+000                   383061
   2.8728000000E+000                   376119
   2.9792000000E+000                   355422
   3.0856000000E+000                   318612
   3.1920000000E+000                   276915
   3.2984000000E+000                   238102
   3.4048000000E+000                   205586
   3.5112000000E+000                   181686
   3.6176000000E+000                   164184
   3.7240000000E+000                   149393
   3.8304000000E+000                   137492
   3.9368000000E+000                   128921
   4.0432000000E+000                   119896
   4.1496000000E+000                   112078
   4.2560000000E+000                   105584
   4.3624000000E+000                    99918
   4.4688000000E+000                    95306
   4.5752000000E+000                    89474
   4.6816000000E+000                    85298
   4.7880000000E+000                    80831
   4.8944000000E+000                    75827
   5.0008000000E+000                    70958
   5.1072000000E+000                    65516
   5.2136000000E+000                    58229
   5.3200000000E+000                    50201
   5.4264000000E+000                    42633
   5.5328000000E+000                    35531
   5.6392000000E+000                    29693
   5.7456000000E+000                    24307
   5.8520000000E+000                    20468
   5.9584000000E+000                    17143
   6.0648000000E+000                    13814
   6.1712000000E+000                    10658
   6.2776000000E+000                     8106
   6.3840000000E+000                     6088
   6.4904000000E+000                     4537
   6.5968000000E+000                     3244
   6.7032000000E+000                     2197
   6.8096000000E+000                     1690
   6.9160000000E+000                     1191
   7.0224000000E+000                      878
   7.1288000000E+000                      704
   7.2352000000E+000                      565
   7.3416000000E+000                      449
   7.4480000000E+000                      343
   7.5544000000E+000                      250
   7.6608000000E+000                      184
   7.7672000000E+000                      179
   7.8736000000E+000                      140
   7.9800000000E+000                       52
   8.0864000000E+000                       37
   8.1928000000E+000                       38
   8.2992000000E+000                       33
   8.4056000000E+000                        9
   8.5120000000E+000                        9
   8.6184000000E+000                        3
   8.7248000000E+000                        1
   8.8312000000E+000                        3
   8.9376000000E+000                        7
   9.0440000000E+000                        5
   9.1504000000E+000                        0
   9.2568000000E+000                        0
   9.3632000000E+000                        0
   9.4696000000E+000                        0
   9.5760000000E+000                        0
   9.6824000000E+000                        0
   9.7888000000E+000                        0
   9.8952000000E+000                        0
   1.0001600000E+001                        0
   1.0108000000E+001                        0
   1.0214400000E+001                        0
   1.0320800000E+001                        0
   1.0427200000E+001                        0
   1.0533600000E+001                        0
   1.0640000000E+001                        0
