   0.0000000000E+000                        0
   1.0640000000E-001                        0
   2.1280000000E-001                        0
   3.1920000000E-001                        0
   4.2560000000E-001                        0
   5.3200000000E-001                        0
   6.3840000000E-001                        0
   7.4480000000E-001                        0
   8.5120000000E-001                        0
   9.5760000000E-001                        0
   1.0640000000E+000                        0
   1.1704000000E+000                        0
   1.2768000000E+000                        0
   1.3832000000E+000                        0
   1.4896000000E+000                        0
   1.5960000000E+000                        0
   1.7024000000E+000                        0
   1.8088000000E+000                        0
   1.9152000000E+000                        0
   2.0216000000E+000                        0
   2.1280000000E+000                        0
   2.2344000000E+000                        0
   2.3408000000E+000                        0
   2.4472000000E+000                        0
   2.5536000000E+000                       51
   2.6600000000E+000                    27214
   2.7664000000E+000                   543892
   2.8728000000E+000                  1732375
   2.9792000000E+000                  2160833
   3.0856000000E+000                  1710430
   3.1920000000E+000                  1082083
   3.2984000000E+000                   598364
   3.4048000000E+000                   303319
   3.5112000000E+000                   140336
   3.6176000000E+000                    60676
   3.7240000000E+000                    25113
   3.8304000000E+000                     9646
   3.9368000000E+000                     3725
   4.0432000000E+000                     1319
   4.1496000000E+000                      482
   4.2560000000E+000                      178
   4.3624000000E+000                      984
   4.4688000000E+000                    12735
   4.5752000000E+000                   100856
   4.6816000000E+000                   416342
   4.7880000000E+000                   926376
   4.8944000000E+000                  1240421
   5.0008000000E+000                  1177381
   5.1072000000E+000                   913069
   5.2136000000E+000                   612831
   5.3200000000E+000                   348729
   5.4264000000E+000                   166138
   5.5328000000E+000                   113106
   5.6392000000E+000                   189334
   5.7456000000E+000                   263495
   5.8520000000E+000                   249146
   5.9584000000E+000                   199257
   6.0648000000E+000                   141798
   6.1712000000E+000                    80040
   6.2776000000E+000                    34539
   6.3840000000E+000                    10381
   6.4904000000E+000                     2398
   6.5968000000E+000                      510
   6.7032000000E+000                       89
   6.8096000000E+000                        9
   6.9160000000E+000                        0
   7.0224000000E+000                        0
   7.1288000000E+000                        0
   7.2352000000E+000                        0
   7.3416000000E+000                        0
   7.4480000000E+000                        0
   7.5544000000E+000                        0
   7.6608000000E+000                        0
   7.7672000000E+000                        0
   7.8736000000E+000                        0
   7.9800000000E+000                        0
   8.0864000000E+000                        0
   8.1928000000E+000                        0
   8.2992000000E+000                        0
   8.4056000000E+000                        0
   8.5120000000E+000                        0
   8.6184000000E+000                        0
   8.7248000000E+000                        0
   8.8312000000E+000                        0
   8.9376000000E+000                        0
   9.0440000000E+000                        0
   9.1504000000E+000                        0
   9.2568000000E+000                        0
   9.3632000000E+000                        0
   9.4696000000E+000                        0
   9.5760000000E+000                        0
   9.6824000000E+000                        0
   9.7888000000E+000                        0
   9.8952000000E+000                        0
   1.0001600000E+001                        0
   1.0108000000E+001                        0
   1.0214400000E+001                        0
   1.0320800000E+001                        0
   1.0427200000E+001                        0
   1.0533600000E+001                        0
   1.0640000000E+001                        0
