   0.0000000000E+000                   182666
   1.0640000000E-001                   364601
   2.1280000000E-001                   365202
   3.1920000000E-001                   366818
   4.2560000000E-001                   367924
   5.3200000000E-001                   367357
   6.3840000000E-001                   368298
   7.4480000000E-001                   369059
   8.5120000000E-001                   369826
   9.5760000000E-001                   371028
   1.0640000000E+000                   371867
   1.1704000000E+000                   373589
   1.2768000000E+000                   373022
   1.3832000000E+000                   375974
   1.4896000000E+000                   375333
   1.5960000000E+000                   377704
   1.7024000000E+000                   380318
   1.8088000000E+000                   382993
   1.9152000000E+000                   385761
   2.0216000000E+000                   388545
   2.1280000000E+000                   390828
   2.2344000000E+000                   395158
   2.3408000000E+000                   399770
   2.4472000000E+000                   402870
   2.5536000000E+000                   408628
   2.6600000000E+000                   409315
   2.7664000000E+000                   386733
   2.8728000000E+000                   347164
   2.9792000000E+000                   301750
   3.0856000000E+000                   267104
   3.1920000000E+000                   243464
   3.2984000000E+000                   226346
   3.4048000000E+000                   215045
   3.5112000000E+000                   205315
   3.6176000000E+000                   199706
   3.7240000000E+000                   193798
   3.8304000000E+000                   189383
   3.9368000000E+000                   184401
   4.0432000000E+000                   180767
   4.1496000000E+000                   178071
   4.2560000000E+000                   175078
   4.3624000000E+000                   171368
   4.4688000000E+000                   167152
   4.5752000000E+000                   163820
   4.6816000000E+000                   158251
   4.7880000000E+000                   150945
   4.8944000000E+000                   143391
   5.0008000000E+000                   134331
   5.1072000000E+000                   125260
   5.2136000000E+000                   115643
   5.3200000000E+000                   106640
   5.4264000000E+000                    96659
   5.5328000000E+000                    87909
   5.6392000000E+000                    79768
   5.7456000000E+000                    70324
   5.8520000000E+000                    62957
   5.9584000000E+000                    56291
   6.0648000000E+000                    50331
   6.1712000000E+000                    46357
   6.2776000000E+000                    42629
   6.3840000000E+000                    39398
   6.4904000000E+000                    36909
   6.5968000000E+000                    34043
   6.7032000000E+000                    31797
   6.8096000000E+000                    29614
   6.9160000000E+000                    27090
   7.0224000000E+000                    25274
   7.1288000000E+000                    23191
   7.2352000000E+000                    21032
   7.3416000000E+000                    18873
   7.4480000000E+000                    16475
   7.5544000000E+000                    14635
   7.6608000000E+000                    12480
   7.7672000000E+000                    10721
   7.8736000000E+000                     9032
   7.9800000000E+000                     7446
   8.0864000000E+000                     6372
   8.1928000000E+000                     5444
   8.2992000000E+000                     4413
   8.4056000000E+000                     3522
   8.5120000000E+000                     2924
   8.6184000000E+000                     2286
   8.7248000000E+000                     1899
   8.8312000000E+000                     1547
   8.9376000000E+000                     1227
   9.0440000000E+000                      964
   9.1504000000E+000                      782
   9.2568000000E+000                      545
   9.3632000000E+000                      422
   9.4696000000E+000                      351
   9.5760000000E+000                      256
   9.6824000000E+000                      151
   9.7888000000E+000                      113
   9.8952000000E+000                       62
   1.0001600000E+001                       55
   1.0108000000E+001                       35
   1.0214400000E+001                       14
   1.0320800000E+001                        0
   1.0427200000E+001                        1
   1.0533600000E+001                        0
   1.0640000000E+001                        0
