   0.0000000000E+000                        0
   1.0640000000E-001                        0
   2.1280000000E-001                        0
   3.1920000000E-001                        0
   4.2560000000E-001                        0
   5.3200000000E-001                        0
   6.3840000000E-001                        0
   7.4480000000E-001                        0
   8.5120000000E-001                        0
   9.5760000000E-001                        0
   1.0640000000E+000                        0
   1.1704000000E+000                        0
   1.2768000000E+000                        0
   1.3832000000E+000                        0
   1.4896000000E+000                        0
   1.5960000000E+000                        0
   1.7024000000E+000                        0
   1.8088000000E+000                        0
   1.9152000000E+000                        0
   2.0216000000E+000                        0
   2.1280000000E+000                        0
   2.2344000000E+000                        0
   2.3408000000E+000                       15
   2.4472000000E+000                     1736
   2.5536000000E+000                    32775
   2.6600000000E+000                   155985
   2.7664000000E+000                   341697
   2.8728000000E+000                   475657
   2.9792000000E+000                   523417
   3.0856000000E+000                   505781
   3.1920000000E+000                   459462
   3.2984000000E+000                   410990
   3.4048000000E+000                   368600
   3.5112000000E+000                   332332
   3.6176000000E+000                   307517
   3.7240000000E+000                   286722
   3.8304000000E+000                   272405
   3.9368000000E+000                   261508
   4.0432000000E+000                   257434
   4.1496000000E+000                   252097
   4.2560000000E+000                   250048
   4.3624000000E+000                   250742
   4.4688000000E+000                   254753
   4.5752000000E+000                   260791
   4.6816000000E+000                   265992
   4.7880000000E+000                   278569
   4.8944000000E+000                   287459
   5.0008000000E+000                   300231
   5.1072000000E+000                   312226
   5.2136000000E+000                   321978
   5.3200000000E+000                   332565
   5.4264000000E+000                   340765
   5.5328000000E+000                   346260
   5.6392000000E+000                   348068
   5.7456000000E+000                   343580
   5.8520000000E+000                   334812
   5.9584000000E+000                   325816
   6.0648000000E+000                   314607
   6.1712000000E+000                   299962
   6.2776000000E+000                   285147
   6.3840000000E+000                   274399
   6.4904000000E+000                   262068
   6.5968000000E+000                   249541
   6.7032000000E+000                   239433
   6.8096000000E+000                   226303
   6.9160000000E+000                   218890
   7.0224000000E+000                   209221
   7.1288000000E+000                   200673
   7.2352000000E+000                   191468
   7.3416000000E+000                   184512
   7.4480000000E+000                   175591
   7.5544000000E+000                   168627
   7.6608000000E+000                   160169
   7.7672000000E+000                   151306
   7.8736000000E+000                   144188
   7.9800000000E+000                   136786
   8.0864000000E+000                   126541
   8.1928000000E+000                   119349
   8.2992000000E+000                   111092
   8.4056000000E+000                   101653
   8.5120000000E+000                    93013
   8.6184000000E+000                    84139
   8.7248000000E+000                    75999
   8.8312000000E+000                    66947
   8.9376000000E+000                    59624
   9.0440000000E+000                    52050
   9.1504000000E+000                    44811
   9.2568000000E+000                    38416
   9.3632000000E+000                    32326
   9.4696000000E+000                    26318
   9.5760000000E+000                    21399
   9.6824000000E+000                    16357
   9.7888000000E+000                    12522
   9.8952000000E+000                     9148
   1.0001600000E+001                     6261
   1.0108000000E+001                     4130
   1.0214400000E+001                     2347
   1.0320800000E+001                     1266
   1.0427200000E+001                      507
   1.0533600000E+001                      107
   1.0640000000E+001                        2
