   0.0000000000E+000                   193521
   1.0640000000E-001                   389396
   2.1280000000E-001                   389696
   3.1920000000E-001                   389315
   4.2560000000E-001                   390919
   5.3200000000E-001                   391043
   6.3840000000E-001                   394733
   7.4480000000E-001                   394105
   8.5120000000E-001                   393737
   9.5760000000E-001                   396406
   1.0640000000E+000                   397320
   1.1704000000E+000                   398088
   1.2768000000E+000                   399550
   1.3832000000E+000                   401693
   1.4896000000E+000                   402691
   1.5960000000E+000                   404884
   1.7024000000E+000                   407309
   1.8088000000E+000                   407412
   1.9152000000E+000                   409953
   2.0216000000E+000                   414158
   2.1280000000E+000                   418465
   2.2344000000E+000                   422414
   2.3408000000E+000                   426390
   2.4472000000E+000                   431951
   2.5536000000E+000                   437050
   2.6600000000E+000                   441992
   2.7664000000E+000                   420345
   2.8728000000E+000                   358974
   2.9792000000E+000                   293277
   3.0856000000E+000                   243049
   3.1920000000E+000                   215621
   3.2984000000E+000                   198792
   3.4048000000E+000                   188370
   3.5112000000E+000                   182526
   3.6176000000E+000                   178653
   3.7240000000E+000                   176889
   3.8304000000E+000                   175770
   3.9368000000E+000                   173744
   4.0432000000E+000                   174306
   4.1496000000E+000                   172998
   4.2560000000E+000                   173482
   4.3624000000E+000                   171825
   4.4688000000E+000                   170865
   4.5752000000E+000                   166113
   4.6816000000E+000                   158857
   4.7880000000E+000                   146433
   4.8944000000E+000                   131551
   5.0008000000E+000                   115756
   5.1072000000E+000                   101125
   5.2136000000E+000                    89038
   5.3200000000E+000                    78994
   5.4264000000E+000                    70648
   5.5328000000E+000                    63542
   5.6392000000E+000                    55614
   5.7456000000E+000                    47045
   5.8520000000E+000                    39798
   5.9584000000E+000                    33322
   6.0648000000E+000                    29184
   6.1712000000E+000                    26434
   6.2776000000E+000                    23725
   6.3840000000E+000                    22017
   6.4904000000E+000                    21372
   6.5968000000E+000                    19917
   6.7032000000E+000                    19307
   6.8096000000E+000                    18397
   6.9160000000E+000                    17484
   7.0224000000E+000                    16397
   7.1288000000E+000                    14340
   7.2352000000E+000                    12684
   7.3416000000E+000                    10443
   7.4480000000E+000                     8545
   7.5544000000E+000                     6593
   7.6608000000E+000                     4962
   7.7672000000E+000                     3763
   7.8736000000E+000                     2813
   7.9800000000E+000                     2135
   8.0864000000E+000                     1707
   8.1928000000E+000                     1303
   8.2992000000E+000                     1064
   8.4056000000E+000                      878
   8.5120000000E+000                      777
   8.6184000000E+000                      553
   8.7248000000E+000                      450
   8.8312000000E+000                      351
   8.9376000000E+000                      256
   9.0440000000E+000                      193
   9.1504000000E+000                      157
   9.2568000000E+000                      116
   9.3632000000E+000                       71
   9.4696000000E+000                       41
   9.5760000000E+000                       27
   9.6824000000E+000                       13
   9.7888000000E+000                       11
   9.8952000000E+000                        1
   1.0001600000E+001                        6
   1.0108000000E+001                        0
   1.0214400000E+001                        0
   1.0320800000E+001                        0
   1.0427200000E+001                        0
   1.0533600000E+001                        0
   1.0640000000E+001                        0
