   0.0000000000E+000                        0
   1.0640000000E-001                        0
   2.1280000000E-001                        0
   3.1920000000E-001                        0
   4.2560000000E-001                        0
   5.3200000000E-001                        0
   6.3840000000E-001                        0
   7.4480000000E-001                        0
   8.5120000000E-001                        0
   9.5760000000E-001                        0
   1.0640000000E+000                        0
   1.1704000000E+000                        0
   1.2768000000E+000                        0
   1.3832000000E+000                        0
   1.4896000000E+000                        0
   1.5960000000E+000                        0
   1.7024000000E+000                        0
   1.8088000000E+000                        0
   1.9152000000E+000                        0
   2.0216000000E+000                        0
   2.1280000000E+000                        0
   2.2344000000E+000                        0
   2.3408000000E+000                        0
   2.4472000000E+000                       10
   2.5536000000E+000                     5010
   2.6600000000E+000                   124433
   2.7664000000E+000                   602868
   2.8728000000E+000                  1120532
   2.9792000000E+000                  1252761
   3.0856000000E+000                  1077171
   3.1920000000E+000                   818795
   3.2984000000E+000                   592840
   3.4048000000E+000                   429383
   3.5112000000E+000                   319063
   3.6176000000E+000                   245094
   3.7240000000E+000                   197117
   3.8304000000E+000                   167921
   3.9368000000E+000                   149370
   4.0432000000E+000                   141143
   4.1496000000E+000                   139356
   4.2560000000E+000                   145919
   4.3624000000E+000                   163072
   4.4688000000E+000                   192568
   4.5752000000E+000                   241796
   4.6816000000E+000                   312403
   4.7880000000E+000                   391885
   4.8944000000E+000                   464300
   5.0008000000E+000                   508786
   5.1072000000E+000                   518712
   5.2136000000E+000                   498695
   5.3200000000E+000                   463611
   5.4264000000E+000                   428041
   5.5328000000E+000                   403562
   5.6392000000E+000                   382831
   5.7456000000E+000                   362304
   5.8520000000E+000                   326181
   5.9584000000E+000                   284129
   6.0648000000E+000                   238838
   6.1712000000E+000                   197588
   6.2776000000E+000                   161741
   6.3840000000E+000                   134379
   6.4904000000E+000                   114607
   6.5968000000E+000                   100671
   6.7032000000E+000                    92838
   6.8096000000E+000                    89181
   6.9160000000E+000                    90255
   7.0224000000E+000                    92137
   7.1288000000E+000                    94012
   7.2352000000E+000                    96520
   7.3416000000E+000                    93774
   7.4480000000E+000                    88984
   7.5544000000E+000                    80950
   7.6608000000E+000                    70222
   7.7672000000E+000                    59648
   7.8736000000E+000                    49192
   7.9800000000E+000                    39137
   8.0864000000E+000                    30753
   8.1928000000E+000                    24280
   8.2992000000E+000                    18761
   8.4056000000E+000                    15066
   8.5120000000E+000                    11877
   8.6184000000E+000                     9663
   8.7248000000E+000                     7738
   8.8312000000E+000                     6228
   8.9376000000E+000                     4706
   9.0440000000E+000                     3555
   9.1504000000E+000                     2764
   9.2568000000E+000                     2118
   9.3632000000E+000                     1636
   9.4696000000E+000                     1250
   9.5760000000E+000                     1052
   9.6824000000E+000                      841
   9.7888000000E+000                      531
   9.8952000000E+000                      324
   1.0001600000E+001                      271
   1.0108000000E+001                      131
   1.0214400000E+001                       64
   1.0320800000E+001                       34
   1.0427200000E+001                       15
   1.0533600000E+001                        6
   1.0640000000E+001                        0
