   0.0000000000E+000                   181012
   1.0640000000E-001                   361108
   2.1280000000E-001                   359959
   3.1920000000E-001                   361404
   4.2560000000E-001                   363337
   5.3200000000E-001                   362163
   6.3840000000E-001                   364705
   7.4480000000E-001                   365629
   8.5120000000E-001                   365799
   9.5760000000E-001                   366222
   1.0640000000E+000                   365351
   1.1704000000E+000                   367118
   1.2768000000E+000                   368710
   1.3832000000E+000                   370274
   1.4896000000E+000                   373128
   1.5960000000E+000                   373919
   1.7024000000E+000                   375934
   1.8088000000E+000                   376229
   1.9152000000E+000                   380466
   2.0216000000E+000                   382441
   2.1280000000E+000                   384783
   2.2344000000E+000                   388261
   2.3408000000E+000                   392446
   2.4472000000E+000                   395797
   2.5536000000E+000                   400072
   2.6600000000E+000                   399419
   2.7664000000E+000                   379758
   2.8728000000E+000                   342065
   2.9792000000E+000                   303541
   3.0856000000E+000                   271967
   3.1920000000E+000                   247915
   3.2984000000E+000                   231499
   3.4048000000E+000                   220232
   3.5112000000E+000                   211635
   3.6176000000E+000                   203442
   3.7240000000E+000                   196599
   3.8304000000E+000                   191974
   3.9368000000E+000                   187773
   4.0432000000E+000                   183443
   4.1496000000E+000                   180112
   4.2560000000E+000                   176093
   4.3624000000E+000                   172384
   4.4688000000E+000                   168850
   4.5752000000E+000                   164009
   4.6816000000E+000                   157331
   4.7880000000E+000                   151385
   4.8944000000E+000                   143766
   5.0008000000E+000                   136021
   5.1072000000E+000                   127465
   5.2136000000E+000                   119038
   5.3200000000E+000                   110191
   5.4264000000E+000                   100653
   5.5328000000E+000                    92407
   5.6392000000E+000                    83322
   5.7456000000E+000                    75536
   5.8520000000E+000                    68182
   5.9584000000E+000                    61634
   6.0648000000E+000                    56171
   6.1712000000E+000                    51446
   6.2776000000E+000                    47101
   6.3840000000E+000                    43654
   6.4904000000E+000                    40118
   6.5968000000E+000                    37732
   6.7032000000E+000                    34975
   6.8096000000E+000                    32488
   6.9160000000E+000                    29954
   7.0224000000E+000                    27329
   7.1288000000E+000                    24977
   7.2352000000E+000                    22748
   7.3416000000E+000                    20836
   7.4480000000E+000                    18414
   7.5544000000E+000                    16369
   7.6608000000E+000                    14651
   7.7672000000E+000                    12517
   7.8736000000E+000                    10831
   7.9800000000E+000                     9371
   8.0864000000E+000                     7787
   8.1928000000E+000                     6600
   8.2992000000E+000                     5504
   8.4056000000E+000                     4640
   8.5120000000E+000                     3673
   8.6184000000E+000                     2973
   8.7248000000E+000                     2615
   8.8312000000E+000                     2010
   8.9376000000E+000                     1642
   9.0440000000E+000                     1325
   9.1504000000E+000                     1033
   9.2568000000E+000                      810
   9.3632000000E+000                      508
   9.4696000000E+000                      417
   9.5760000000E+000                      295
   9.6824000000E+000                      242
   9.7888000000E+000                      148
   9.8952000000E+000                       85
   1.0001600000E+001                       47
   1.0108000000E+001                       36
   1.0214400000E+001                       12
   1.0320800000E+001                        5
   1.0427200000E+001                        3
   1.0533600000E+001                        0
   1.0640000000E+001                        0
