   0.0000000000E+000                   228541
   1.0640000000E-001                   455984
   2.1280000000E-001                   457441
   3.1920000000E-001                   458262
   4.2560000000E-001                   460313
   5.3200000000E-001                   459254
   6.3840000000E-001                   458993
   7.4480000000E-001                   460541
   8.5120000000E-001                   460631
   9.5760000000E-001                   459511
   1.0640000000E+000                   458060
   1.1704000000E+000                   457965
   1.2768000000E+000                   460472
   1.3832000000E+000                   457748
   1.4896000000E+000                   458096
   1.5960000000E+000                   458793
   1.7024000000E+000                   458676
   1.8088000000E+000                   459141
   1.9152000000E+000                   459173
   2.0216000000E+000                   460308
   2.1280000000E+000                   458590
   2.2344000000E+000                   459229
   2.3408000000E+000                   459257
   2.4472000000E+000                   458008
   2.5536000000E+000                   459600
   2.6600000000E+000                   459518
   2.7664000000E+000                   440360
   2.8728000000E+000                   352931
   2.9792000000E+000                   254195
   3.0856000000E+000                   197182
   3.1920000000E+000                   169619
   3.2984000000E+000                   160711
   3.4048000000E+000                   157181
   3.5112000000E+000                   155494
   3.6176000000E+000                   154000
   3.7240000000E+000                   153861
   3.8304000000E+000                   153922
   3.9368000000E+000                   153571
   4.0432000000E+000                   152371
   4.1496000000E+000                   152882
   4.2560000000E+000                   153568
   4.3624000000E+000                   152973
   4.4688000000E+000                   153623
   4.5752000000E+000                   151188
   4.6816000000E+000                   135112
   4.7880000000E+000                   102664
   4.8944000000E+000                    63327
   5.0008000000E+000                    37642
   5.1072000000E+000                    26832
   5.2136000000E+000                    23036
   5.3200000000E+000                    22540
   5.4264000000E+000                    22263
   5.5328000000E+000                    20530
   5.6392000000E+000                    14773
   5.7456000000E+000                     6995
   5.8520000000E+000                     2091
   5.9584000000E+000                      386
   6.0648000000E+000                       62
   6.1712000000E+000                       10
   6.2776000000E+000                        0
   6.3840000000E+000                        0
   6.4904000000E+000                        0
   6.5968000000E+000                        0
   6.7032000000E+000                        0
   6.8096000000E+000                        0
   6.9160000000E+000                        0
   7.0224000000E+000                        0
   7.1288000000E+000                        0
   7.2352000000E+000                        0
   7.3416000000E+000                        0
   7.4480000000E+000                        0
   7.5544000000E+000                        0
   7.6608000000E+000                        0
   7.7672000000E+000                        0
   7.8736000000E+000                        0
   7.9800000000E+000                        0
   8.0864000000E+000                        0
   8.1928000000E+000                        0
   8.2992000000E+000                        0
   8.4056000000E+000                        0
   8.5120000000E+000                        0
   8.6184000000E+000                        0
   8.7248000000E+000                        0
   8.8312000000E+000                        0
   8.9376000000E+000                        0
   9.0440000000E+000                        0
   9.1504000000E+000                        0
   9.2568000000E+000                        0
   9.3632000000E+000                        0
   9.4696000000E+000                        0
   9.5760000000E+000                        0
   9.6824000000E+000                        0
   9.7888000000E+000                        0
   9.8952000000E+000                        0
   1.0001600000E+001                        0
   1.0108000000E+001                        0
   1.0214400000E+001                        0
   1.0320800000E+001                        0
   1.0427200000E+001                        0
   1.0533600000E+001                        0
   1.0640000000E+001                        0
