   0.0000000000E+000                   179021
   1.0640000000E-001                   359091
   2.1280000000E-001                   359710
   3.1920000000E-001                   359038
   4.2560000000E-001                   358729
   5.3200000000E-001                   358400
   6.3840000000E-001                   359479
   7.4480000000E-001                   360851
   8.5120000000E-001                   362236
   9.5760000000E-001                   364218
   1.0640000000E+000                   364867
   1.1704000000E+000                   365816
   1.2768000000E+000                   365916
   1.3832000000E+000                   365879
   1.4896000000E+000                   367925
   1.5960000000E+000                   368894
   1.7024000000E+000                   372097
   1.8088000000E+000                   374195
   1.9152000000E+000                   375331
   2.0216000000E+000                   377745
   2.1280000000E+000                   378298
   2.2344000000E+000                   383395
   2.3408000000E+000                   385205
   2.4472000000E+000                   388476
   2.5536000000E+000                   391656
   2.6600000000E+000                   391043
   2.7664000000E+000                   371106
   2.8728000000E+000                   337372
   2.9792000000E+000                   302152
   3.0856000000E+000                   275009
   3.1920000000E+000                   253472
   3.2984000000E+000                   237921
   3.4048000000E+000                   225213
   3.5112000000E+000                   216125
   3.6176000000E+000                   208678
   3.7240000000E+000                   201538
   3.8304000000E+000                   196381
   3.9368000000E+000                   191292
   4.0432000000E+000                   185636
   4.1496000000E+000                   181213
   4.2560000000E+000                   177740
   4.3624000000E+000                   172904
   4.4688000000E+000                   167645
   4.5752000000E+000                   162868
   4.6816000000E+000                   157630
   4.7880000000E+000                   150913
   4.8944000000E+000                   144608
   5.0008000000E+000                   137722
   5.1072000000E+000                   128994
   5.2136000000E+000                   120587
   5.3200000000E+000                   112276
   5.4264000000E+000                   103514
   5.5328000000E+000                    95430
   5.6392000000E+000                    86715
   5.7456000000E+000                    79504
   5.8520000000E+000                    72182
   5.9584000000E+000                    65491
   6.0648000000E+000                    60684
   6.1712000000E+000                    55308
   6.2776000000E+000                    50439
   6.3840000000E+000                    46716
   6.4904000000E+000                    43463
   6.5968000000E+000                    39700
   6.7032000000E+000                    37173
   6.8096000000E+000                    34785
   6.9160000000E+000                    31521
   7.0224000000E+000                    29577
   7.1288000000E+000                    26765
   7.2352000000E+000                    24216
   7.3416000000E+000                    22105
   7.4480000000E+000                    19872
   7.5544000000E+000                    17966
   7.6608000000E+000                    15733
   7.7672000000E+000                    13634
   7.8736000000E+000                    12035
   7.9800000000E+000                    10306
   8.0864000000E+000                     8942
   8.1928000000E+000                     7709
   8.2992000000E+000                     6447
   8.4056000000E+000                     5469
   8.5120000000E+000                     4557
   8.6184000000E+000                     3760
   8.7248000000E+000                     3113
   8.8312000000E+000                     2471
   8.9376000000E+000                     1975
   9.0440000000E+000                     1572
   9.1504000000E+000                     1277
   9.2568000000E+000                     1023
   9.3632000000E+000                      725
   9.4696000000E+000                      539
   9.5760000000E+000                      385
   9.6824000000E+000                      264
   9.7888000000E+000                      187
   9.8952000000E+000                       93
   1.0001600000E+001                       79
   1.0108000000E+001                       33
   1.0214400000E+001                       25
   1.0320800000E+001                       10
   1.0427200000E+001                        5
   1.0533600000E+001                        0
   1.0640000000E+001                        0
