   0.0000000000E+000                        0
   1.0640000000E-001                        0
   2.1280000000E-001                        0
   3.1920000000E-001                        0
   4.2560000000E-001                        0
   5.3200000000E-001                        0
   6.3840000000E-001                        0
   7.4480000000E-001                        0
   8.5120000000E-001                        0
   9.5760000000E-001                        0
   1.0640000000E+000                        0
   1.1704000000E+000                        0
   1.2768000000E+000                        0
   1.3832000000E+000                        0
   1.4896000000E+000                        0
   1.5960000000E+000                        0
   1.7024000000E+000                        0
   1.8088000000E+000                        0
   1.9152000000E+000                        0
   2.0216000000E+000                        0
   2.1280000000E+000                        0
   2.2344000000E+000                        0
   2.3408000000E+000                        0
   2.4472000000E+000                       55
   2.5536000000E+000                     8811
   2.6600000000E+000                   141155
   2.7664000000E+000                   542322
   2.8728000000E+000                   927357
   2.9792000000E+000                  1026457
   3.0856000000E+000                   914295
   3.1920000000E+000                   730608
   3.2984000000E+000                   566976
   3.4048000000E+000                   438137
   3.5112000000E+000                   347533
   3.6176000000E+000                   284687
   3.7240000000E+000                   242759
   3.8304000000E+000                   215427
   3.9368000000E+000                   198291
   4.0432000000E+000                   190033
   4.1496000000E+000                   187831
   4.2560000000E+000                   189711
   4.3624000000E+000                   200364
   4.4688000000E+000                   217864
   4.5752000000E+000                   244507
   4.6816000000E+000                   281252
   4.7880000000E+000                   325051
   4.8944000000E+000                   365861
   5.0008000000E+000                   401664
   5.1072000000E+000                   422751
   5.2136000000E+000                   431977
   5.3200000000E+000                   429565
   5.4264000000E+000                   425491
   5.5328000000E+000                   415837
   5.6392000000E+000                   400005
   5.7456000000E+000                   375248
   5.8520000000E+000                   342690
   5.9584000000E+000                   307802
   6.0648000000E+000                   269322
   6.1712000000E+000                   237060
   6.2776000000E+000                   207061
   6.3840000000E+000                   180463
   6.4904000000E+000                   160616
   6.5968000000E+000                   145512
   6.7032000000E+000                   133151
   6.8096000000E+000                   124514
   6.9160000000E+000                   118691
   7.0224000000E+000                   115055
   7.1288000000E+000                   113508
   7.2352000000E+000                   110022
   7.3416000000E+000                   107495
   7.4480000000E+000                   103670
   7.5544000000E+000                    98483
   7.6608000000E+000                    91075
   7.7672000000E+000                    83158
   7.8736000000E+000                    73656
   7.9800000000E+000                    64907
   8.0864000000E+000                    56499
   8.1928000000E+000                    48685
   8.2992000000E+000                    40984
   8.4056000000E+000                    33927
   8.5120000000E+000                    27867
   8.6184000000E+000                    23270
   8.7248000000E+000                    19190
   8.8312000000E+000                    15392
   8.9376000000E+000                    12766
   9.0440000000E+000                    10340
   9.1504000000E+000                     8039
   9.2568000000E+000                     6482
   9.3632000000E+000                     4956
   9.4696000000E+000                     3898
   9.5760000000E+000                     3049
   9.6824000000E+000                     2335
   9.7888000000E+000                     1673
   9.8952000000E+000                     1201
   1.0001600000E+001                      761
   1.0108000000E+001                      482
   1.0214400000E+001                      250
   1.0320800000E+001                      117
   1.0427200000E+001                       35
   1.0533600000E+001                        9
   1.0640000000E+001                        0
