   0.0000000000E+000                   175013
   1.0640000000E-001                   348921
   2.1280000000E-001                   348636
   3.1920000000E-001                   349266
   4.2560000000E-001                   348729
   5.3200000000E-001                   349980
   6.3840000000E-001                   350226
   7.4480000000E-001                   349750
   8.5120000000E-001                   351803
   9.5760000000E-001                   352931
   1.0640000000E+000                   352363
   1.1704000000E+000                   353717
   1.2768000000E+000                   354085
   1.3832000000E+000                   355099
   1.4896000000E+000                   356942
   1.5960000000E+000                   356716
   1.7024000000E+000                   358227
   1.8088000000E+000                   359131
   1.9152000000E+000                   359295
   2.0216000000E+000                   363059
   2.1280000000E+000                   363087
   2.2344000000E+000                   366731
   2.3408000000E+000                   368091
   2.4472000000E+000                   370708
   2.5536000000E+000                   370576
   2.6600000000E+000                   367316
   2.7664000000E+000                   351675
   2.8728000000E+000                   327703
   2.9792000000E+000                   302081
   3.0856000000E+000                   280333
   3.1920000000E+000                   263097
   3.2984000000E+000                   248874
   3.4048000000E+000                   236811
   3.5112000000E+000                   228387
   3.6176000000E+000                   219258
   3.7240000000E+000                   211388
   3.8304000000E+000                   205270
   3.9368000000E+000                   198795
   4.0432000000E+000                   192256
   4.1496000000E+000                   186103
   4.2560000000E+000                   181895
   4.3624000000E+000                   176601
   4.4688000000E+000                   171905
   4.5752000000E+000                   164821
   4.6816000000E+000                   159408
   4.7880000000E+000                   152981
   4.8944000000E+000                   148070
   5.0008000000E+000                   141573
   5.1072000000E+000                   134318
   5.2136000000E+000                   127512
   5.3200000000E+000                   119893
   5.4264000000E+000                   112128
   5.5328000000E+000                   103978
   5.6392000000E+000                    97697
   5.7456000000E+000                    90281
   5.8520000000E+000                    83765
   5.9584000000E+000                    76805
   6.0648000000E+000                    71871
   6.1712000000E+000                    66187
   6.2776000000E+000                    61833
   6.3840000000E+000                    57193
   6.4904000000E+000                    52827
   6.5968000000E+000                    49141
   6.7032000000E+000                    45740
   6.8096000000E+000                    41913
   6.9160000000E+000                    38736
   7.0224000000E+000                    35791
   7.1288000000E+000                    32822
   7.2352000000E+000                    30361
   7.3416000000E+000                    27330
   7.4480000000E+000                    24433
   7.5544000000E+000                    22793
   7.6608000000E+000                    20317
   7.7672000000E+000                    18398
   7.8736000000E+000                    16340
   7.9800000000E+000                    14144
   8.0864000000E+000                    12468
   8.1928000000E+000                    10879
   8.2992000000E+000                     9530
   8.4056000000E+000                     7808
   8.5120000000E+000                     6879
   8.6184000000E+000                     5679
   8.7248000000E+000                     4835
   8.8312000000E+000                     4132
   8.9376000000E+000                     3191
   9.0440000000E+000                     2638
   9.1504000000E+000                     2171
   9.2568000000E+000                     1583
   9.3632000000E+000                     1246
   9.4696000000E+000                      936
   9.5760000000E+000                      673
   9.6824000000E+000                      440
   9.7888000000E+000                      290
   9.8952000000E+000                      197
   1.0001600000E+001                      105
   1.0108000000E+001                       53
   1.0214400000E+001                       21
   1.0320800000E+001                       12
   1.0427200000E+001                        4
   1.0533600000E+001                        0
   1.0640000000E+001                        0
