   0.0000000000E+000                   170051
   1.0640000000E-001                   338159
   2.1280000000E-001                   340084
   3.1920000000E-001                   340382
   4.2560000000E-001                   341776
   5.3200000000E-001                   340036
   6.3840000000E-001                   340778
   7.4480000000E-001                   341374
   8.5120000000E-001                   341602
   9.5760000000E-001                   342702
   1.0640000000E+000                   344485
   1.1704000000E+000                   342938
   1.2768000000E+000                   344945
   1.3832000000E+000                   344620
   1.4896000000E+000                   345031
   1.5960000000E+000                   345597
   1.7024000000E+000                   346945
   1.8088000000E+000                   348085
   1.9152000000E+000                   348005
   2.0216000000E+000                   350597
   2.1280000000E+000                   351104
   2.2344000000E+000                   353858
   2.3408000000E+000                   354290
   2.4472000000E+000                   356752
   2.5536000000E+000                   356062
   2.6600000000E+000                   350193
   2.7664000000E+000                   337458
   2.8728000000E+000                   319101
   2.9792000000E+000                   300194
   3.0856000000E+000                   281964
   3.1920000000E+000                   267642
   3.2984000000E+000                   256153
   3.4048000000E+000                   244519
   3.5112000000E+000                   235750
   3.6176000000E+000                   226956
   3.7240000000E+000                   218818
   3.8304000000E+000                   212086
   3.9368000000E+000                   204750
   4.0432000000E+000                   198926
   4.1496000000E+000                   192931
   4.2560000000E+000                   186039
   4.3624000000E+000                   180882
   4.4688000000E+000                   174370
   4.5752000000E+000                   169238
   4.6816000000E+000                   163771
   4.7880000000E+000                   157606
   4.8944000000E+000                   151394
   5.0008000000E+000                   145641
   5.1072000000E+000                   138108
   5.2136000000E+000                   132602
   5.3200000000E+000                   125766
   5.4264000000E+000                   118734
   5.5328000000E+000                   112633
   5.6392000000E+000                   105569
   5.7456000000E+000                    98861
   5.8520000000E+000                    92635
   5.9584000000E+000                    86381
   6.0648000000E+000                    80632
   6.1712000000E+000                    75572
   6.2776000000E+000                    70331
   6.3840000000E+000                    64946
   6.4904000000E+000                    61318
   6.5968000000E+000                    56617
   6.7032000000E+000                    52485
   6.8096000000E+000                    49014
   6.9160000000E+000                    45312
   7.0224000000E+000                    42047
   7.1288000000E+000                    38682
   7.2352000000E+000                    35030
   7.3416000000E+000                    32816
   7.4480000000E+000                    29604
   7.5544000000E+000                    26640
   7.6608000000E+000                    24369
   7.7672000000E+000                    21759
   7.8736000000E+000                    19778
   7.9800000000E+000                    17207
   8.0864000000E+000                    15510
   8.1928000000E+000                    13630
   8.2992000000E+000                    11765
   8.4056000000E+000                    10367
   8.5120000000E+000                     8802
   8.6184000000E+000                     7450
   8.7248000000E+000                     6265
   8.8312000000E+000                     5285
   8.9376000000E+000                     4358
   9.0440000000E+000                     3562
   9.1504000000E+000                     2968
   9.2568000000E+000                     2256
   9.3632000000E+000                     1697
   9.4696000000E+000                     1298
   9.5760000000E+000                      953
   9.6824000000E+000                      678
   9.7888000000E+000                      446
   9.8952000000E+000                      300
   1.0001600000E+001                      176
   1.0108000000E+001                       75
   1.0214400000E+001                       52
   1.0320800000E+001                       16
   1.0427200000E+001                        3
   1.0533600000E+001                        0
   1.0640000000E+001                        0
