   0.0000000000E+000                   187231
   1.0640000000E-001                   376346
   2.1280000000E-001                   375282
   3.1920000000E-001                   375745
   4.2560000000E-001                   375005
   5.3200000000E-001                   372761
   6.3840000000E-001                   371224
   7.4480000000E-001                   370264
   8.5120000000E-001                   369398
   9.5760000000E-001                   368253
   1.0640000000E+000                   366502
   1.1704000000E+000                   364952
   1.2768000000E+000                   361723
   1.3832000000E+000                   358067
   1.4896000000E+000                   356046
   1.5960000000E+000                   356068
   1.7024000000E+000                   352324
   1.8088000000E+000                   350335
   1.9152000000E+000                   347822
   2.0216000000E+000                   345562
   2.1280000000E+000                   343004
   2.2344000000E+000                   341399
   2.3408000000E+000                   338784
   2.4472000000E+000                   337982
   2.5536000000E+000                   334155
   2.6600000000E+000                   332615
   2.7664000000E+000                   330076
   2.8728000000E+000                   322600
   2.9792000000E+000                   313235
   3.0856000000E+000                   299306
   3.1920000000E+000                   284995
   3.2984000000E+000                   270059
   3.4048000000E+000                   256990
   3.5112000000E+000                   244230
   3.6176000000E+000                   231207
   3.7240000000E+000                   221651
   3.8304000000E+000                   210958
   3.9368000000E+000                   202556
   4.0432000000E+000                   194235
   4.1496000000E+000                   185051
   4.2560000000E+000                   177376
   4.3624000000E+000                   169597
   4.4688000000E+000                   163195
   4.5752000000E+000                   156364
   4.6816000000E+000                   149829
   4.7880000000E+000                   143033
   4.8944000000E+000                   136887
   5.0008000000E+000                   130618
   5.1072000000E+000                   124882
   5.2136000000E+000                   118351
   5.3200000000E+000                   111754
   5.4264000000E+000                   106399
   5.5328000000E+000                    99733
   5.6392000000E+000                    94568
   5.7456000000E+000                    88920
   5.8520000000E+000                    83526
   5.9584000000E+000                    77519
   6.0648000000E+000                    71767
   6.1712000000E+000                    67977
   6.2776000000E+000                    62070
   6.3840000000E+000                    58091
   6.4904000000E+000                    53233
   6.5968000000E+000                    48780
   6.7032000000E+000                    44113
   6.8096000000E+000                    41238
   6.9160000000E+000                    37309
   7.0224000000E+000                    34216
   7.1288000000E+000                    31122
   7.2352000000E+000                    27535
   7.3416000000E+000                    25185
   7.4480000000E+000                    22777
   7.5544000000E+000                    20186
   7.6608000000E+000                    17720
   7.7672000000E+000                    16221
   7.8736000000E+000                    14419
   7.9800000000E+000                    12508
   8.0864000000E+000                    11013
   8.1928000000E+000                     9440
   8.2992000000E+000                     8202
   8.4056000000E+000                     6797
   8.5120000000E+000                     6059
   8.6184000000E+000                     5049
   8.7248000000E+000                     4031
   8.8312000000E+000                     3366
   8.9376000000E+000                     2720
   9.0440000000E+000                     2047
   9.1504000000E+000                     1703
   9.2568000000E+000                     1314
   9.3632000000E+000                      999
   9.4696000000E+000                      788
   9.5760000000E+000                      548
   9.6824000000E+000                      357
   9.7888000000E+000                      230
   9.8952000000E+000                      149
   1.0001600000E+001                       91
   1.0108000000E+001                       43
   1.0214400000E+001                       24
   1.0320800000E+001                       14
   1.0427200000E+001                        0
   1.0533600000E+001                        0
   1.0640000000E+001                        0
