   0.0000000000E+000                   229654
   1.0640000000E-001                   457077
   2.1280000000E-001                   459216
   3.1920000000E-001                   457497
   4.2560000000E-001                   459294
   5.3200000000E-001                   457742
   6.3840000000E-001                   459149
   7.4480000000E-001                   460564
   8.5120000000E-001                   459911
   9.5760000000E-001                   458707
   1.0640000000E+000                   457671
   1.1704000000E+000                   458616
   1.2768000000E+000                   461460
   1.3832000000E+000                   460425
   1.4896000000E+000                   460189
   1.5960000000E+000                   457516
   1.7024000000E+000                   456140
   1.8088000000E+000                   457139
   1.9152000000E+000                   457422
   2.0216000000E+000                   459734
   2.1280000000E+000                   459358
   2.2344000000E+000                   457576
   2.3408000000E+000                   459977
   2.4472000000E+000                   459924
   2.5536000000E+000                   459874
   2.6600000000E+000                   460352
   2.7664000000E+000                   439800
   2.8728000000E+000                   354828
   2.9792000000E+000                   254323
   3.0856000000E+000                   194754
   3.1920000000E+000                   169953
   3.2984000000E+000                   161018
   3.4048000000E+000                   156754
   3.5112000000E+000                   154956
   3.6176000000E+000                   154936
   3.7240000000E+000                   153875
   3.8304000000E+000                   153911
   3.9368000000E+000                   154138
   4.0432000000E+000                   153955
   4.1496000000E+000                   154581
   4.2560000000E+000                   153927
   4.3624000000E+000                   153018
   4.4688000000E+000                   151074
   4.5752000000E+000                   149150
   4.6816000000E+000                   134737
   4.7880000000E+000                   102010
   4.8944000000E+000                    64008
   5.0008000000E+000                    37889
   5.1072000000E+000                    26389
   5.2136000000E+000                    22898
   5.3200000000E+000                    22410
   5.4264000000E+000                    22089
   5.5328000000E+000                    20506
   5.6392000000E+000                    15588
   5.7456000000E+000                     7426
   5.8520000000E+000                     2299
   5.9584000000E+000                      535
   6.0648000000E+000                       73
   6.1712000000E+000                        8
   6.2776000000E+000                        0
   6.3840000000E+000                        0
   6.4904000000E+000                        0
   6.5968000000E+000                        0
   6.7032000000E+000                        0
   6.8096000000E+000                        0
   6.9160000000E+000                        0
   7.0224000000E+000                        0
   7.1288000000E+000                        0
   7.2352000000E+000                        0
   7.3416000000E+000                        0
   7.4480000000E+000                        0
   7.5544000000E+000                        0
   7.6608000000E+000                        0
   7.7672000000E+000                        0
   7.8736000000E+000                        0
   7.9800000000E+000                        0
   8.0864000000E+000                        0
   8.1928000000E+000                        0
   8.2992000000E+000                        0
   8.4056000000E+000                        0
   8.5120000000E+000                        0
   8.6184000000E+000                        0
   8.7248000000E+000                        0
   8.8312000000E+000                        0
   8.9376000000E+000                        0
   9.0440000000E+000                        0
   9.1504000000E+000                        0
   9.2568000000E+000                        0
   9.3632000000E+000                        0
   9.4696000000E+000                        0
   9.5760000000E+000                        0
   9.6824000000E+000                        0
   9.7888000000E+000                        0
   9.8952000000E+000                        0
   1.0001600000E+001                        0
   1.0108000000E+001                        0
   1.0214400000E+001                        0
   1.0320800000E+001                        0
   1.0427200000E+001                        0
   1.0533600000E+001                        0
   1.0640000000E+001                        0
