   0.0000000000E+000                   212682
   1.0640000000E-001                   424569
   2.1280000000E-001                   423879
   3.1920000000E-001                   423611
   4.2560000000E-001                   423211
   5.3200000000E-001                   421316
   6.3840000000E-001                   421204
   7.4480000000E-001                   419661
   8.5120000000E-001                   419090
   9.5760000000E-001                   416715
   1.0640000000E+000                   417103
   1.1704000000E+000                   416525
   1.2768000000E+000                   414471
   1.3832000000E+000                   414642
   1.4896000000E+000                   413862
   1.5960000000E+000                   413090
   1.7024000000E+000                   412612
   1.8088000000E+000                   410613
   1.9152000000E+000                   409853
   2.0216000000E+000                   409346
   2.1280000000E+000                   409569
   2.2344000000E+000                   410463
   2.3408000000E+000                   409071
   2.4472000000E+000                   410421
   2.5536000000E+000                   409918
   2.6600000000E+000                   414253
   2.7664000000E+000                   412765
   2.8728000000E+000                   410918
   2.9792000000E+000                   392958
   3.0856000000E+000                   350821
   3.1920000000E+000                   293069
   3.2984000000E+000                   240959
   3.4048000000E+000                   203715
   3.5112000000E+000                   177732
   3.6176000000E+000                   162835
   3.7240000000E+000                   152763
   3.8304000000E+000                   146453
   3.9368000000E+000                   142926
   4.0432000000E+000                   140337
   4.1496000000E+000                   139614
   4.2560000000E+000                   139699
   4.3624000000E+000                   138224
   4.4688000000E+000                   138423
   4.5752000000E+000                   135860
   4.6816000000E+000                   136534
   4.7880000000E+000                   135125
   4.8944000000E+000                   132469
   5.0008000000E+000                   127559
   5.1072000000E+000                   116743
   5.2136000000E+000                   100360
   5.3200000000E+000                    79694
   5.4264000000E+000                    58910
   5.5328000000E+000                    43054
   5.6392000000E+000                    32550
   5.7456000000E+000                    26439
   5.8520000000E+000                    23279
   5.9584000000E+000                    21011
   6.0648000000E+000                    17333
   6.1712000000E+000                    12325
   6.2776000000E+000                     7690
   6.3840000000E+000                     3975
   6.4904000000E+000                     1819
   6.5968000000E+000                      774
   6.7032000000E+000                      341
   6.8096000000E+000                      114
   6.9160000000E+000                       32
   7.0224000000E+000                       14
   7.1288000000E+000                       10
   7.2352000000E+000                       10
   7.3416000000E+000                        5
   7.4480000000E+000                        2
   7.5544000000E+000                        4
   7.6608000000E+000                        3
   7.7672000000E+000                        1
   7.8736000000E+000                        0
   7.9800000000E+000                        0
   8.0864000000E+000                        0
   8.1928000000E+000                        0
   8.2992000000E+000                        0
   8.4056000000E+000                        0
   8.5120000000E+000                        0
   8.6184000000E+000                        0
   8.7248000000E+000                        0
   8.8312000000E+000                        0
   8.9376000000E+000                        0
   9.0440000000E+000                        0
   9.1504000000E+000                        0
   9.2568000000E+000                        0
   9.3632000000E+000                        0
   9.4696000000E+000                        0
   9.5760000000E+000                        0
   9.6824000000E+000                        0
   9.7888000000E+000                        0
   9.8952000000E+000                        0
   1.0001600000E+001                        0
   1.0108000000E+001                        0
   1.0214400000E+001                        0
   1.0320800000E+001                        0
   1.0427200000E+001                        0
   1.0533600000E+001                        0
   1.0640000000E+001                        0
