   0.0000000000E+000                   228871
   1.0640000000E-001                   455605
   2.1280000000E-001                   456535
   3.1920000000E-001                   453807
   4.2560000000E-001                   451676
   5.3200000000E-001                   450210
   6.3840000000E-001                   444962
   7.4480000000E-001                   443178
   8.5120000000E-001                   438599
   9.5760000000E-001                   433033
   1.0640000000E+000                   429687
   1.1704000000E+000                   423146
   1.2768000000E+000                   419605
   1.3832000000E+000                   413602
   1.4896000000E+000                   409256
   1.5960000000E+000                   405145
   1.7024000000E+000                   398598
   1.8088000000E+000                   395441
   1.9152000000E+000                   391199
   2.0216000000E+000                   385609
   2.1280000000E+000                   382323
   2.2344000000E+000                   378666
   2.3408000000E+000                   374635
   2.4472000000E+000                   370667
   2.5536000000E+000                   367702
   2.6600000000E+000                   362502
   2.7664000000E+000                   360112
   2.8728000000E+000                   350970
   2.9792000000E+000                   336737
   3.0856000000E+000                   313993
   3.1920000000E+000                   286029
   3.2984000000E+000                   259743
   3.4048000000E+000                   235901
   3.5112000000E+000                   216729
   3.6176000000E+000                   200902
   3.7240000000E+000                   185608
   3.8304000000E+000                   174207
   3.9368000000E+000                   163435
   4.0432000000E+000                   153211
   4.1496000000E+000                   144157
   4.2560000000E+000                   135001
   4.3624000000E+000                   126459
   4.4688000000E+000                   119944
   4.5752000000E+000                   112628
   4.6816000000E+000                   105828
   4.7880000000E+000                   100071
   4.8944000000E+000                    93534
   5.0008000000E+000                    87724
   5.1072000000E+000                    81193
   5.2136000000E+000                    76048
   5.3200000000E+000                    69808
   5.4264000000E+000                    64013
   5.5328000000E+000                    57960
   5.6392000000E+000                    53077
   5.7456000000E+000                    47826
   5.8520000000E+000                    42663
   5.9584000000E+000                    38172
   6.0648000000E+000                    33422
   6.1712000000E+000                    28794
   6.2776000000E+000                    25671
   6.3840000000E+000                    22126
   6.4904000000E+000                    19153
   6.5968000000E+000                    16673
   6.7032000000E+000                    14170
   6.8096000000E+000                    12431
   6.9160000000E+000                    10933
   7.0224000000E+000                     9107
   7.1288000000E+000                     8039
   7.2352000000E+000                     6843
   7.3416000000E+000                     5832
   7.4480000000E+000                     4882
   7.5544000000E+000                     4217
   7.6608000000E+000                     3589
   7.7672000000E+000                     3071
   7.8736000000E+000                     2403
   7.9800000000E+000                     2200
   8.0864000000E+000                     1743
   8.1928000000E+000                     1498
   8.2992000000E+000                     1104
   8.4056000000E+000                      987
   8.5120000000E+000                      732
   8.6184000000E+000                      579
   8.7248000000E+000                      465
   8.8312000000E+000                      392
   8.9376000000E+000                      287
   9.0440000000E+000                      221
   9.1504000000E+000                      176
   9.2568000000E+000                       85
   9.3632000000E+000                       78
   9.4696000000E+000                       49
   9.5760000000E+000                       38
   9.6824000000E+000                       28
   9.7888000000E+000                       16
   9.8952000000E+000                       10
   1.0001600000E+001                        9
   1.0108000000E+001                        0
   1.0214400000E+001                        2
   1.0320800000E+001                        3
   1.0427200000E+001                        0
   1.0533600000E+001                        0
   1.0640000000E+001                        0
