   0.0000000000E+000                   199408
   1.0640000000E-001                   395297
   2.1280000000E-001                   395982
   3.1920000000E-001                   396607
   4.2560000000E-001                   393775
   5.3200000000E-001                   392651
   6.3840000000E-001                   391180
   7.4480000000E-001                   390313
   8.5120000000E-001                   387557
   9.5760000000E-001                   384152
   1.0640000000E+000                   382708
   1.1704000000E+000                   380627
   1.2768000000E+000                   377084
   1.3832000000E+000                   374745
   1.4896000000E+000                   372320
   1.5960000000E+000                   368964
   1.7024000000E+000                   367306
   1.8088000000E+000                   363432
   1.9152000000E+000                   361109
   2.0216000000E+000                   357054
   2.1280000000E+000                   354083
   2.2344000000E+000                   352465
   2.3408000000E+000                   348888
   2.4472000000E+000                   346932
   2.5536000000E+000                   345438
   2.6600000000E+000                   341145
   2.7664000000E+000                   337157
   2.8728000000E+000                   333540
   2.9792000000E+000                   318946
   3.0856000000E+000                   304507
   3.1920000000E+000                   286560
   3.2984000000E+000                   269695
   3.4048000000E+000                   252294
   3.5112000000E+000                   238895
   3.6176000000E+000                   225850
   3.7240000000E+000                   214464
   3.8304000000E+000                   203174
   3.9368000000E+000                   193067
   4.0432000000E+000                   183855
   4.1496000000E+000                   175424
   4.2560000000E+000                   167940
   4.3624000000E+000                   159288
   4.4688000000E+000                   151826
   4.5752000000E+000                   145391
   4.6816000000E+000                   138745
   4.7880000000E+000                   131595
   4.8944000000E+000                   125071
   5.0008000000E+000                   118685
   5.1072000000E+000                   113408
   5.2136000000E+000                   106667
   5.3200000000E+000                   100788
   5.4264000000E+000                    94912
   5.5328000000E+000                    89035
   5.6392000000E+000                    83906
   5.7456000000E+000                    77475
   5.8520000000E+000                    72636
   5.9584000000E+000                    66707
   6.0648000000E+000                    62199
   6.1712000000E+000                    57155
   6.2776000000E+000                    51688
   6.3840000000E+000                    47153
   6.4904000000E+000                    42676
   6.5968000000E+000                    38391
   6.7032000000E+000                    35149
   6.8096000000E+000                    31563
   6.9160000000E+000                    28677
   7.0224000000E+000                    25846
   7.1288000000E+000                    23002
   7.2352000000E+000                    20745
   7.3416000000E+000                    18362
   7.4480000000E+000                    16332
   7.5544000000E+000                    14312
   7.6608000000E+000                    13013
   7.7672000000E+000                    11117
   7.8736000000E+000                     9572
   7.9800000000E+000                     8563
   8.0864000000E+000                     7249
   8.1928000000E+000                     6177
   8.2992000000E+000                     5353
   8.4056000000E+000                     4534
   8.5120000000E+000                     3916
   8.6184000000E+000                     3042
   8.7248000000E+000                     2538
   8.8312000000E+000                     2142
   8.9376000000E+000                     1716
   9.0440000000E+000                     1391
   9.1504000000E+000                     1002
   9.2568000000E+000                      819
   9.3632000000E+000                      612
   9.4696000000E+000                      409
   9.5760000000E+000                      335
   9.6824000000E+000                      197
   9.7888000000E+000                      135
   9.8952000000E+000                       86
   1.0001600000E+001                       49
   1.0108000000E+001                       30
   1.0214400000E+001                       19
   1.0320800000E+001                        6
   1.0427200000E+001                        1
   1.0533600000E+001                        2
   1.0640000000E+001                        0
