   0.0000000000E+000                   172219
   1.0640000000E-001                   344868
   2.1280000000E-001                   345364
   3.1920000000E-001                   346515
   4.2560000000E-001                   345344
   5.3200000000E-001                   347154
   6.3840000000E-001                   346264
   7.4480000000E-001                   346533
   8.5120000000E-001                   347391
   9.5760000000E-001                   348611
   1.0640000000E+000                   347508
   1.1704000000E+000                   351176
   1.2768000000E+000                   349561
   1.3832000000E+000                   350621
   1.4896000000E+000                   352156
   1.5960000000E+000                   354549
   1.7024000000E+000                   353866
   1.8088000000E+000                   354995
   1.9152000000E+000                   354843
   2.0216000000E+000                   358526
   2.1280000000E+000                   359620
   2.2344000000E+000                   360036
   2.3408000000E+000                   363409
   2.4472000000E+000                   363749
   2.5536000000E+000                   366443
   2.6600000000E+000                   361135
   2.7664000000E+000                   346252
   2.8728000000E+000                   325632
   2.9792000000E+000                   301632
   3.0856000000E+000                   281444
   3.1920000000E+000                   264207
   3.2984000000E+000                   252154
   3.4048000000E+000                   239532
   3.5112000000E+000                   230386
   3.6176000000E+000                   220267
   3.7240000000E+000                   212941
   3.8304000000E+000                   207402
   3.9368000000E+000                   201656
   4.0432000000E+000                   194213
   4.1496000000E+000                   188382
   4.2560000000E+000                   183157
   4.3624000000E+000                   178942
   4.4688000000E+000                   173343
   4.5752000000E+000                   167345
   4.6816000000E+000                   162005
   4.7880000000E+000                   155263
   4.8944000000E+000                   148412
   5.0008000000E+000                   143083
   5.1072000000E+000                   135812
   5.2136000000E+000                   129174
   5.3200000000E+000                   121906
   5.4264000000E+000                   114790
   5.5328000000E+000                   108163
   5.6392000000E+000                   100582
   5.7456000000E+000                    94205
   5.8520000000E+000                    86928
   5.9584000000E+000                    80332
   6.0648000000E+000                    74859
   6.1712000000E+000                    69777
   6.2776000000E+000                    64973
   6.3840000000E+000                    60621
   6.4904000000E+000                    56176
   6.5968000000E+000                    52906
   6.7032000000E+000                    47872
   6.8096000000E+000                    44623
   6.9160000000E+000                    41265
   7.0224000000E+000                    38035
   7.1288000000E+000                    35146
   7.2352000000E+000                    32078
   7.3416000000E+000                    29613
   7.4480000000E+000                    26749
   7.5544000000E+000                    24242
   7.6608000000E+000                    21931
   7.7672000000E+000                    19655
   7.8736000000E+000                    17660
   7.9800000000E+000                    15295
   8.0864000000E+000                    13718
   8.1928000000E+000                    11816
   8.2992000000E+000                    10325
   8.4056000000E+000                     8953
   8.5120000000E+000                     7631
   8.6184000000E+000                     6599
   8.7248000000E+000                     5369
   8.8312000000E+000                     4504
   8.9376000000E+000                     3677
   9.0440000000E+000                     2932
   9.1504000000E+000                     2410
   9.2568000000E+000                     1891
   9.3632000000E+000                     1438
   9.4696000000E+000                     1075
   9.5760000000E+000                      792
   9.6824000000E+000                      542
   9.7888000000E+000                      368
   9.8952000000E+000                      214
   1.0001600000E+001                      136
   1.0108000000E+001                       75
   1.0214400000E+001                       48
   1.0320800000E+001                       11
   1.0427200000E+001                        2
   1.0533600000E+001                        0
   1.0640000000E+001                        0
