   0.0000000000E+000                   227778
   1.0640000000E-001                   453417
   2.1280000000E-001                   453726
   3.1920000000E-001                   453547
   4.2560000000E-001                   451914
   5.3200000000E-001                   452626
   6.3840000000E-001                   453250
   7.4480000000E-001                   455805
   8.5120000000E-001                   455490
   9.5760000000E-001                   454136
   1.0640000000E+000                   451357
   1.1704000000E+000                   452140
   1.2768000000E+000                   452239
   1.3832000000E+000                   453698
   1.4896000000E+000                   454250
   1.5960000000E+000                   452136
   1.7024000000E+000                   455399
   1.8088000000E+000                   455221
   1.9152000000E+000                   454596
   2.0216000000E+000                   453628
   2.1280000000E+000                   455000
   2.2344000000E+000                   454882
   2.3408000000E+000                   455056
   2.4472000000E+000                   454279
   2.5536000000E+000                   456359
   2.6600000000E+000                   457509
   2.7664000000E+000                   435063
   2.8728000000E+000                   357858
   2.9792000000E+000                   268653
   3.0856000000E+000                   212176
   3.1920000000E+000                   181327
   3.2984000000E+000                   167090
   3.4048000000E+000                   160275
   3.5112000000E+000                   156731
   3.6176000000E+000                   154649
   3.7240000000E+000                   154038
   3.8304000000E+000                   152737
   3.9368000000E+000                   152479
   4.0432000000E+000                   153032
   4.1496000000E+000                   153299
   4.2560000000E+000                   152866
   4.3624000000E+000                   152523
   4.4688000000E+000                   153081
   4.5752000000E+000                   149095
   4.6816000000E+000                   134452
   4.7880000000E+000                   109229
   4.8944000000E+000                    78291
   5.0008000000E+000                    52015
   5.1072000000E+000                    35741
   5.2136000000E+000                    27659
   5.3200000000E+000                    25354
   5.4264000000E+000                    23934
   5.5328000000E+000                    22114
   5.6392000000E+000                    17136
   5.7456000000E+000                    11048
   5.8520000000E+000                     5523
   5.9584000000E+000                     2399
   6.0648000000E+000                     1238
   6.1712000000E+000                      811
   6.2776000000E+000                      631
   6.3840000000E+000                      638
   6.4904000000E+000                      701
   6.5968000000E+000                      625
   6.7032000000E+000                      698
   6.8096000000E+000                      643
   6.9160000000E+000                      556
   7.0224000000E+000                      509
   7.1288000000E+000                      421
   7.2352000000E+000                      331
   7.3416000000E+000                      265
   7.4480000000E+000                      192
   7.5544000000E+000                      132
   7.6608000000E+000                      140
   7.7672000000E+000                       62
   7.8736000000E+000                       43
   7.9800000000E+000                       29
   8.0864000000E+000                       22
   8.1928000000E+000                        8
   8.2992000000E+000                        0
   8.4056000000E+000                        0
   8.5120000000E+000                        0
   8.6184000000E+000                        0
   8.7248000000E+000                        0
   8.8312000000E+000                        0
   8.9376000000E+000                        0
   9.0440000000E+000                        0
   9.1504000000E+000                        0
   9.2568000000E+000                        0
   9.3632000000E+000                        0
   9.4696000000E+000                        0
   9.5760000000E+000                        0
   9.6824000000E+000                        0
   9.7888000000E+000                        0
   9.8952000000E+000                        0
   1.0001600000E+001                        0
   1.0108000000E+001                        0
   1.0214400000E+001                        0
   1.0320800000E+001                        0
   1.0427200000E+001                        0
   1.0533600000E+001                        0
   1.0640000000E+001                        0
