   0.0000000000E+000                        0
   1.0640000000E-001                        0
   2.1280000000E-001                        0
   3.1920000000E-001                        0
   4.2560000000E-001                        0
   5.3200000000E-001                        0
   6.3840000000E-001                        0
   7.4480000000E-001                        0
   8.5120000000E-001                        0
   9.5760000000E-001                        0
   1.0640000000E+000                        0
   1.1704000000E+000                        0
   1.2768000000E+000                        0
   1.3832000000E+000                        0
   1.4896000000E+000                        0
   1.5960000000E+000                        0
   1.7024000000E+000                        0
   1.8088000000E+000                        0
   1.9152000000E+000                        0
   2.0216000000E+000                        0
   2.1280000000E+000                        0
   2.2344000000E+000                        0
   2.3408000000E+000                        0
   2.4472000000E+000                        0
   2.5536000000E+000                      549
   2.6600000000E+000                    61311
   2.7664000000E+000                   597530
   2.8728000000E+000                  1507518
   2.9792000000E+000                  1851271
   3.0856000000E+000                  1560989
   3.1920000000E+000                  1078284
   3.2984000000E+000                   680868
   3.4048000000E+000                   413834
   3.5112000000E+000                   248013
   3.6176000000E+000                   146571
   3.7240000000E+000                    87087
   3.8304000000E+000                    51853
   3.9368000000E+000                    30522
   4.0432000000E+000                    18724
   4.1496000000E+000                    12432
   4.2560000000E+000                    10776
   4.3624000000E+000                    16478
   4.4688000000E+000                    46856
   4.5752000000E+000                   150567
   4.6816000000E+000                   384363
   4.7880000000E+000                   703524
   4.8944000000E+000                   947934
   5.0008000000E+000                  1007530
   5.1072000000E+000                   893346
   5.2136000000E+000                   692629
   5.3200000000E+000                   477607
   5.4264000000E+000                   307382
   5.5328000000E+000                   218128
   5.6392000000E+000                   216910
   5.7456000000E+000                   246702
   5.8520000000E+000                   248554
   5.9584000000E+000                   216379
   6.0648000000E+000                   167116
   6.1712000000E+000                   113428
   6.2776000000E+000                    68279
   6.3840000000E+000                    36407
   6.4904000000E+000                    17264
   6.5968000000E+000                     8242
   6.7032000000E+000                     4847
   6.8096000000E+000                     4170
   6.9160000000E+000                     4871
   7.0224000000E+000                     5948
   7.1288000000E+000                     6914
   7.2352000000E+000                     6966
   7.3416000000E+000                     6404
   7.4480000000E+000                     5130
   7.5544000000E+000                     4030
   7.6608000000E+000                     2646
   7.7672000000E+000                     1592
   7.8736000000E+000                      971
   7.9800000000E+000                      651
   8.0864000000E+000                      397
   8.1928000000E+000                      311
   8.2992000000E+000                      175
   8.4056000000E+000                      109
   8.5120000000E+000                       61
   8.6184000000E+000                       37
   8.7248000000E+000                       13
   8.8312000000E+000                        0
   8.9376000000E+000                        0
   9.0440000000E+000                        0
   9.1504000000E+000                        0
   9.2568000000E+000                        0
   9.3632000000E+000                        0
   9.4696000000E+000                        0
   9.5760000000E+000                        0
   9.6824000000E+000                        0
   9.7888000000E+000                        0
   9.8952000000E+000                        0
   1.0001600000E+001                        0
   1.0108000000E+001                        0
   1.0214400000E+001                        0
   1.0320800000E+001                        0
   1.0427200000E+001                        0
   1.0533600000E+001                        0
   1.0640000000E+001                        0
