   0.0000000000E+000                        0
   1.0640000000E-001                        0
   2.1280000000E-001                        0
   3.1920000000E-001                        0
   4.2560000000E-001                        0
   5.3200000000E-001                        0
   6.3840000000E-001                        0
   7.4480000000E-001                        0
   8.5120000000E-001                        0
   9.5760000000E-001                        0
   1.0640000000E+000                        0
   1.1704000000E+000                        0
   1.2768000000E+000                        0
   1.3832000000E+000                        0
   1.4896000000E+000                        0
   1.5960000000E+000                        0
   1.7024000000E+000                        0
   1.8088000000E+000                        0
   1.9152000000E+000                        0
   2.0216000000E+000                        0
   2.1280000000E+000                        0
   2.2344000000E+000                        0
   2.3408000000E+000                        0
   2.4472000000E+000                        0
   2.5536000000E+000                       82
   2.6600000000E+000                    33072
   2.7664000000E+000                   554733
   2.8728000000E+000                  1679050
   2.9792000000E+000                  2099691
   3.0856000000E+000                  1683152
   3.1920000000E+000                  1080456
   3.2984000000E+000                   622525
   3.4048000000E+000                   333396
   3.5112000000E+000                   169349
   3.6176000000E+000                    81055
   3.7240000000E+000                    37257
   3.8304000000E+000                    15893
   3.9368000000E+000                     6401
   4.0432000000E+000                     2473
   4.1496000000E+000                      993
   4.2560000000E+000                      465
   4.3624000000E+000                     1878
   4.4688000000E+000                    17851
   4.5752000000E+000                   112153
   4.6816000000E+000                   408499
   4.7880000000E+000                   871695
   4.8944000000E+000                  1172627
   5.0008000000E+000                  1143615
   5.1072000000E+000                   924724
   5.2136000000E+000                   644442
   5.3200000000E+000                   382924
   5.4264000000E+000                   199274
   5.5328000000E+000                   130161
   5.6392000000E+000                   186268
   5.7456000000E+000                   253551
   5.8520000000E+000                   250330
   5.9584000000E+000                   204995
   6.0648000000E+000                   146453
   6.1712000000E+000                    87553
   6.2776000000E+000                    40542
   6.3840000000E+000                    14801
   6.4904000000E+000                     4189
   6.5968000000E+000                     1168
   6.7032000000E+000                      226
   6.8096000000E+000                       38
   6.9160000000E+000                        0
   7.0224000000E+000                        0
   7.1288000000E+000                        0
   7.2352000000E+000                        0
   7.3416000000E+000                        0
   7.4480000000E+000                        0
   7.5544000000E+000                        0
   7.6608000000E+000                        0
   7.7672000000E+000                        0
   7.8736000000E+000                        0
   7.9800000000E+000                        0
   8.0864000000E+000                        0
   8.1928000000E+000                        0
   8.2992000000E+000                        0
   8.4056000000E+000                        0
   8.5120000000E+000                        0
   8.6184000000E+000                        0
   8.7248000000E+000                        0
   8.8312000000E+000                        0
   8.9376000000E+000                        0
   9.0440000000E+000                        0
   9.1504000000E+000                        0
   9.2568000000E+000                        0
   9.3632000000E+000                        0
   9.4696000000E+000                        0
   9.5760000000E+000                        0
   9.6824000000E+000                        0
   9.7888000000E+000                        0
   9.8952000000E+000                        0
   1.0001600000E+001                        0
   1.0108000000E+001                        0
   1.0214400000E+001                        0
   1.0320800000E+001                        0
   1.0427200000E+001                        0
   1.0533600000E+001                        0
   1.0640000000E+001                        0
