   0.0000000000E+000                   172442
   1.0640000000E-001                   345555
   2.1280000000E-001                   345469
   3.1920000000E-001                   345662
   4.2560000000E-001                   346524
   5.3200000000E-001                   346523
   6.3840000000E-001                   347094
   7.4480000000E-001                   346710
   8.5120000000E-001                   347890
   9.5760000000E-001                   347128
   1.0640000000E+000                   350217
   1.1704000000E+000                   349241
   1.2768000000E+000                   350136
   1.3832000000E+000                   349706
   1.4896000000E+000                   351694
   1.5960000000E+000                   351726
   1.7024000000E+000                   352447
   1.8088000000E+000                   354683
   1.9152000000E+000                   356218
   2.0216000000E+000                   358617
   2.1280000000E+000                   360066
   2.2344000000E+000                   360452
   2.3408000000E+000                   362627
   2.4472000000E+000                   364839
   2.5536000000E+000                   365351
   2.6600000000E+000                   360123
   2.7664000000E+000                   347013
   2.8728000000E+000                   324256
   2.9792000000E+000                   300806
   3.0856000000E+000                   281474
   3.1920000000E+000                   265049
   3.2984000000E+000                   251422
   3.4048000000E+000                   239415
   3.5112000000E+000                   230401
   3.6176000000E+000                   221496
   3.7240000000E+000                   215163
   3.8304000000E+000                   206960
   3.9368000000E+000                   201713
   4.0432000000E+000                   194057
   4.1496000000E+000                   190025
   4.2560000000E+000                   183700
   4.3624000000E+000                   177417
   4.4688000000E+000                   172704
   4.5752000000E+000                   166903
   4.6816000000E+000                   160245
   4.7880000000E+000                   155172
   4.8944000000E+000                   148881
   5.0008000000E+000                   142797
   5.1072000000E+000                   135805
   5.2136000000E+000                   129540
   5.3200000000E+000                   122194
   5.4264000000E+000                   115368
   5.5328000000E+000                   107749
   5.6392000000E+000                   101572
   5.7456000000E+000                    93328
   5.8520000000E+000                    87878
   5.9584000000E+000                    80853
   6.0648000000E+000                    75420
   6.1712000000E+000                    69698
   6.2776000000E+000                    65002
   6.3840000000E+000                    60694
   6.4904000000E+000                    56701
   6.5968000000E+000                    52258
   6.7032000000E+000                    48633
   6.8096000000E+000                    44667
   6.9160000000E+000                    41257
   7.0224000000E+000                    37853
   7.1288000000E+000                    34967
   7.2352000000E+000                    31702
   7.3416000000E+000                    29242
   7.4480000000E+000                    27140
   7.5544000000E+000                    24481
   7.6608000000E+000                    22225
   7.7672000000E+000                    19790
   7.8736000000E+000                    17458
   7.9800000000E+000                    15568
   8.0864000000E+000                    13575
   8.1928000000E+000                    12066
   8.2992000000E+000                    10414
   8.4056000000E+000                     8920
   8.5120000000E+000                     7588
   8.6184000000E+000                     6621
   8.7248000000E+000                     5411
   8.8312000000E+000                     4626
   8.9376000000E+000                     3685
   9.0440000000E+000                     3007
   9.1504000000E+000                     2324
   9.2568000000E+000                     1848
   9.3632000000E+000                     1453
   9.4696000000E+000                     1087
   9.5760000000E+000                      752
   9.6824000000E+000                      507
   9.7888000000E+000                      389
   9.8952000000E+000                      223
   1.0001600000E+001                      126
   1.0108000000E+001                       77
   1.0214400000E+001                       28
   1.0320800000E+001                       19
   1.0427200000E+001                        2
   1.0533600000E+001                        0
   1.0640000000E+001                        0
