   0.0000000000E+000                   207600
   1.0640000000E-001                   416574
   2.1280000000E-001                   416870
   3.1920000000E-001                   416075
   4.2560000000E-001                   417525
   5.3200000000E-001                   419347
   6.3840000000E-001                   419322
   7.4480000000E-001                   420002
   8.5120000000E-001                   421684
   9.5760000000E-001                   421410
   1.0640000000E+000                   422769
   1.1704000000E+000                   422448
   1.2768000000E+000                   424307
   1.3832000000E+000                   423262
   1.4896000000E+000                   424260
   1.5960000000E+000                   425137
   1.7024000000E+000                   426960
   1.8088000000E+000                   429568
   1.9152000000E+000                   429644
   2.0216000000E+000                   432119
   2.1280000000E+000                   433652
   2.2344000000E+000                   436136
   2.3408000000E+000                   439052
   2.4472000000E+000                   443544
   2.5536000000E+000                   447193
   2.6600000000E+000                   448973
   2.7664000000E+000                   426717
   2.8728000000E+000                   357899
   2.9792000000E+000                   285724
   3.0856000000E+000                   233898
   3.1920000000E+000                   203609
   3.2984000000E+000                   186614
   3.4048000000E+000                   176836
   3.5112000000E+000                   171608
   3.6176000000E+000                   168923
   3.7240000000E+000                   165971
   3.8304000000E+000                   165222
   3.9368000000E+000                   165422
   4.0432000000E+000                   164257
   4.1496000000E+000                   163553
   4.2560000000E+000                   163575
   4.3624000000E+000                   163979
   4.4688000000E+000                   161974
   4.5752000000E+000                   156762
   4.6816000000E+000                   147164
   4.7880000000E+000                   131811
   4.8944000000E+000                   112039
   5.0008000000E+000                    91789
   5.1072000000E+000                    74976
   5.2136000000E+000                    62473
   5.3200000000E+000                    54697
   5.4264000000E+000                    48607
   5.5328000000E+000                    44081
   5.6392000000E+000                    38225
   5.7456000000E+000                    30972
   5.8520000000E+000                    24387
   5.9584000000E+000                    19669
   6.0648000000E+000                    15972
   6.1712000000E+000                    13627
   6.2776000000E+000                    12535
   6.3840000000E+000                    11919
   6.4904000000E+000                    11285
   6.5968000000E+000                    10998
   6.7032000000E+000                    10674
   6.8096000000E+000                    10120
   6.9160000000E+000                     9757
   7.0224000000E+000                     9057
   7.1288000000E+000                     7805
   7.2352000000E+000                     6416
   7.3416000000E+000                     4997
   7.4480000000E+000                     3916
   7.5544000000E+000                     2962
   7.6608000000E+000                     2201
   7.7672000000E+000                     1659
   7.8736000000E+000                     1128
   7.9800000000E+000                      841
   8.0864000000E+000                      647
   8.1928000000E+000                      527
   8.2992000000E+000                      478
   8.4056000000E+000                      371
   8.5120000000E+000                      305
   8.6184000000E+000                      254
   8.7248000000E+000                      169
   8.8312000000E+000                      146
   8.9376000000E+000                      104
   9.0440000000E+000                       61
   9.1504000000E+000                       68
   9.2568000000E+000                       59
   9.3632000000E+000                       28
   9.4696000000E+000                       30
   9.5760000000E+000                       13
   9.6824000000E+000                        5
   9.7888000000E+000                        0
   9.8952000000E+000                        0
   1.0001600000E+001                        0
   1.0108000000E+001                        0
   1.0214400000E+001                        0
   1.0320800000E+001                        0
   1.0427200000E+001                        0
   1.0533600000E+001                        0
   1.0640000000E+001                        0
