   0.0000000000E+000                   171409
   1.0640000000E-001                   339799
   2.1280000000E-001                   340241
   3.1920000000E-001                   340320
   4.2560000000E-001                   339143
   5.3200000000E-001                   339555
   6.3840000000E-001                   340262
   7.4480000000E-001                   340305
   8.5120000000E-001                   341555
   9.5760000000E-001                   341952
   1.0640000000E+000                   342879
   1.1704000000E+000                   341777
   1.2768000000E+000                   342045
   1.3832000000E+000                   344598
   1.4896000000E+000                   343680
   1.5960000000E+000                   345161
   1.7024000000E+000                   345638
   1.8088000000E+000                   348326
   1.9152000000E+000                   349482
   2.0216000000E+000                   350693
   2.1280000000E+000                   352805
   2.2344000000E+000                   353563
   2.3408000000E+000                   353172
   2.4472000000E+000                   357199
   2.5536000000E+000                   356583
   2.6600000000E+000                   351349
   2.7664000000E+000                   338403
   2.8728000000E+000                   318790
   2.9792000000E+000                   299620
   3.0856000000E+000                   281832
   3.1920000000E+000                   267343
   3.2984000000E+000                   254855
   3.4048000000E+000                   244017
   3.5112000000E+000                   233953
   3.6176000000E+000                   227364
   3.7240000000E+000                   218749
   3.8304000000E+000                   211125
   3.9368000000E+000                   204795
   4.0432000000E+000                   199275
   4.1496000000E+000                   192913
   4.2560000000E+000                   187621
   4.3624000000E+000                   180912
   4.4688000000E+000                   176070
   4.5752000000E+000                   169808
   4.6816000000E+000                   163578
   4.7880000000E+000                   157883
   4.8944000000E+000                   152040
   5.0008000000E+000                   146783
   5.1072000000E+000                   139504
   5.2136000000E+000                   133522
   5.3200000000E+000                   126545
   5.4264000000E+000                   119347
   5.5328000000E+000                   111530
   5.6392000000E+000                   105193
   5.7456000000E+000                    98769
   5.8520000000E+000                    92190
   5.9584000000E+000                    86749
   6.0648000000E+000                    81242
   6.1712000000E+000                    75396
   6.2776000000E+000                    71168
   6.3840000000E+000                    65563
   6.4904000000E+000                    61317
   6.5968000000E+000                    56921
   6.7032000000E+000                    52595
   6.8096000000E+000                    48646
   6.9160000000E+000                    45288
   7.0224000000E+000                    41818
   7.1288000000E+000                    38915
   7.2352000000E+000                    35331
   7.3416000000E+000                    32491
   7.4480000000E+000                    29697
   7.5544000000E+000                    27177
   7.6608000000E+000                    24286
   7.7672000000E+000                    21917
   7.8736000000E+000                    19819
   7.9800000000E+000                    17769
   8.0864000000E+000                    15393
   8.1928000000E+000                    13477
   8.2992000000E+000                    11809
   8.4056000000E+000                    10182
   8.5120000000E+000                     9112
   8.6184000000E+000                     7581
   8.7248000000E+000                     6322
   8.8312000000E+000                     5379
   8.9376000000E+000                     4465
   9.0440000000E+000                     3668
   9.1504000000E+000                     2876
   9.2568000000E+000                     2168
   9.3632000000E+000                     1669
   9.4696000000E+000                     1317
   9.5760000000E+000                      937
   9.6824000000E+000                      668
   9.7888000000E+000                      464
   9.8952000000E+000                      269
   1.0001600000E+001                      176
   1.0108000000E+001                       73
   1.0214400000E+001                       52
   1.0320800000E+001                       14
   1.0427200000E+001                        4
   1.0533600000E+001                        0
   1.0640000000E+001                        0
