   0.0000000000E+000                   209458
   1.0640000000E-001                   417798
   2.1280000000E-001                   418146
   3.1920000000E-001                   417774
   4.2560000000E-001                   417102
   5.3200000000E-001                   417827
   6.3840000000E-001                   414807
   7.4480000000E-001                   415717
   8.5120000000E-001                   416947
   9.5760000000E-001                   415773
   1.0640000000E+000                   414628
   1.1704000000E+000                   414204
   1.2768000000E+000                   413812
   1.3832000000E+000                   413209
   1.4896000000E+000                   413779
   1.5960000000E+000                   413878
   1.7024000000E+000                   412453
   1.8088000000E+000                   412472
   1.9152000000E+000                   411719
   2.0216000000E+000                   412178
   2.1280000000E+000                   413137
   2.2344000000E+000                   412730
   2.3408000000E+000                   414263
   2.4472000000E+000                   417301
   2.5536000000E+000                   417124
   2.6600000000E+000                   418555
   2.7664000000E+000                   416343
   2.8728000000E+000                   415703
   2.9792000000E+000                   398992
   3.0856000000E+000                   352214
   3.1920000000E+000                   289317
   3.2984000000E+000                   236070
   3.4048000000E+000                   197202
   3.5112000000E+000                   171062
   3.6176000000E+000                   156003
   3.7240000000E+000                   148969
   3.8304000000E+000                   144433
   3.9368000000E+000                   143355
   4.0432000000E+000                   142608
   4.1496000000E+000                   141335
   4.2560000000E+000                   141904
   4.3624000000E+000                   142099
   4.4688000000E+000                   141057
   4.5752000000E+000                   140902
   4.6816000000E+000                   140731
   4.7880000000E+000                   141359
   4.8944000000E+000                   140379
   5.0008000000E+000                   136286
   5.1072000000E+000                   124821
   5.2136000000E+000                   104871
   5.3200000000E+000                    78713
   5.4264000000E+000                    54646
   5.5328000000E+000                    37890
   5.6392000000E+000                    28874
   5.7456000000E+000                    24733
   5.8520000000E+000                    22698
   5.9584000000E+000                    20361
   6.0648000000E+000                    16755
   6.1712000000E+000                    11182
   6.2776000000E+000                     5733
   6.3840000000E+000                     2487
   6.4904000000E+000                      821
   6.5968000000E+000                      237
   6.7032000000E+000                       52
   6.8096000000E+000                       10
   6.9160000000E+000                        2
   7.0224000000E+000                        0
   7.1288000000E+000                        0
   7.2352000000E+000                        0
   7.3416000000E+000                        0
   7.4480000000E+000                        0
   7.5544000000E+000                        0
   7.6608000000E+000                        0
   7.7672000000E+000                        0
   7.8736000000E+000                        0
   7.9800000000E+000                        0
   8.0864000000E+000                        0
   8.1928000000E+000                        0
   8.2992000000E+000                        0
   8.4056000000E+000                        0
   8.5120000000E+000                        0
   8.6184000000E+000                        0
   8.7248000000E+000                        0
   8.8312000000E+000                        0
   8.9376000000E+000                        0
   9.0440000000E+000                        0
   9.1504000000E+000                        0
   9.2568000000E+000                        0
   9.3632000000E+000                        0
   9.4696000000E+000                        0
   9.5760000000E+000                        0
   9.6824000000E+000                        0
   9.7888000000E+000                        0
   9.8952000000E+000                        0
   1.0001600000E+001                        0
   1.0108000000E+001                        0
   1.0214400000E+001                        0
   1.0320800000E+001                        0
   1.0427200000E+001                        0
   1.0533600000E+001                        0
   1.0640000000E+001                        0
