   0.0000000000E+000                   176337
   1.0640000000E-001                   352668
   2.1280000000E-001                   353701
   3.1920000000E-001                   352609
   4.2560000000E-001                   354179
   5.3200000000E-001                   353673
   6.3840000000E-001                   353543
   7.4480000000E-001                   355232
   8.5120000000E-001                   356220
   9.5760000000E-001                   355809
   1.0640000000E+000                   355401
   1.1704000000E+000                   357952
   1.2768000000E+000                   358248
   1.3832000000E+000                   358172
   1.4896000000E+000                   360757
   1.5960000000E+000                   360999
   1.7024000000E+000                   363799
   1.8088000000E+000                   363919
   1.9152000000E+000                   365844
   2.0216000000E+000                   367768
   2.1280000000E+000                   367473
   2.2344000000E+000                   373783
   2.3408000000E+000                   372378
   2.4472000000E+000                   376844
   2.5536000000E+000                   379209
   2.6600000000E+000                   375398
   2.7664000000E+000                   358870
   2.8728000000E+000                   332531
   2.9792000000E+000                   304308
   3.0856000000E+000                   279749
   3.1920000000E+000                   259977
   3.2984000000E+000                   245937
   3.4048000000E+000                   232232
   3.5112000000E+000                   223042
   3.6176000000E+000                   214202
   3.7240000000E+000                   206605
   3.8304000000E+000                   201271
   3.9368000000E+000                   195809
   4.0432000000E+000                   190245
   4.1496000000E+000                   185613
   4.2560000000E+000                   178983
   4.3624000000E+000                   175332
   4.4688000000E+000                   169538
   4.5752000000E+000                   164426
   4.6816000000E+000                   158747
   4.7880000000E+000                   152305
   4.8944000000E+000                   145229
   5.0008000000E+000                   138906
   5.1072000000E+000                   131607
   5.2136000000E+000                   124551
   5.3200000000E+000                   116751
   5.4264000000E+000                   108992
   5.5328000000E+000                   101947
   5.6392000000E+000                    93649
   5.7456000000E+000                    86526
   5.8520000000E+000                    79805
   5.9584000000E+000                    73250
   6.0648000000E+000                    67862
   6.1712000000E+000                    62486
   6.2776000000E+000                    58073
   6.3840000000E+000                    53511
   6.4904000000E+000                    49685
   6.5968000000E+000                    46044
   6.7032000000E+000                    42820
   6.8096000000E+000                    39160
   6.9160000000E+000                    36336
   7.0224000000E+000                    33487
   7.1288000000E+000                    30645
   7.2352000000E+000                    28289
   7.3416000000E+000                    25820
   7.4480000000E+000                    23017
   7.5544000000E+000                    20876
   7.6608000000E+000                    18784
   7.7672000000E+000                    16442
   7.8736000000E+000                    14725
   7.9800000000E+000                    12958
   8.0864000000E+000                    11191
   8.1928000000E+000                     9520
   8.2992000000E+000                     8081
   8.4056000000E+000                     7223
   8.5120000000E+000                     6049
   8.6184000000E+000                     5056
   8.7248000000E+000                     4106
   8.8312000000E+000                     3352
   8.9376000000E+000                     2872
   9.0440000000E+000                     2223
   9.1504000000E+000                     1736
   9.2568000000E+000                     1309
   9.3632000000E+000                     1114
   9.4696000000E+000                      800
   9.5760000000E+000                      566
   9.6824000000E+000                      372
   9.7888000000E+000                      253
   9.8952000000E+000                      143
   1.0001600000E+001                       78
   1.0108000000E+001                       48
   1.0214400000E+001                       22
   1.0320800000E+001                       15
   1.0427200000E+001                        1
   1.0533600000E+001                        0
   1.0640000000E+001                        0
