   0.0000000000E+000                        0
   1.0640000000E-001                        0
   2.1280000000E-001                        0
   3.1920000000E-001                        0
   4.2560000000E-001                        0
   5.3200000000E-001                        0
   6.3840000000E-001                        0
   7.4480000000E-001                        0
   8.5120000000E-001                        0
   9.5760000000E-001                        0
   1.0640000000E+000                        0
   1.1704000000E+000                        0
   1.2768000000E+000                        0
   1.3832000000E+000                        0
   1.4896000000E+000                        0
   1.5960000000E+000                        0
   1.7024000000E+000                        0
   1.8088000000E+000                        0
   1.9152000000E+000                        0
   2.0216000000E+000                        0
   2.1280000000E+000                        0
   2.2344000000E+000                        0
   2.3408000000E+000                        0
   2.4472000000E+000                        0
   2.5536000000E+000                       15
   2.6600000000E+000                    21650
   2.7664000000E+000                   528271
   2.8728000000E+000                  1777380
   2.9792000000E+000                  2225563
   3.0856000000E+000                  1728310
   3.1920000000E+000                  1071431
   3.2984000000E+000                   577022
   3.4048000000E+000                   276867
   3.5112000000E+000                   120438
   3.6176000000E+000                    46642
   3.7240000000E+000                    17418
   3.8304000000E+000                     6132
   3.9368000000E+000                     2035
   4.0432000000E+000                      628
   4.1496000000E+000                      167
   4.2560000000E+000                       55
   4.3624000000E+000                      561
   4.4688000000E+000                     9155
   4.5752000000E+000                    88873
   4.6816000000E+000                   420858
   4.7880000000E+000                   978256
   4.8944000000E+000                  1291454
   5.0008000000E+000                  1188687
   5.1072000000E+000                   907930
   5.2136000000E+000                   594975
   5.3200000000E+000                   320888
   5.4264000000E+000                   140735
   5.5328000000E+000                    95804
   5.6392000000E+000                   192532
   5.7456000000E+000                   272941
   5.8520000000E+000                   253253
   5.9584000000E+000                   195852
   6.0648000000E+000                   135407
   6.1712000000E+000                    74186
   6.2776000000E+000                    28601
   6.3840000000E+000                     7282
   6.4904000000E+000                     1481
   6.5968000000E+000                      246
   6.7032000000E+000                       18
   6.8096000000E+000                        1
   6.9160000000E+000                        0
   7.0224000000E+000                        0
   7.1288000000E+000                        0
   7.2352000000E+000                        0
   7.3416000000E+000                        0
   7.4480000000E+000                        0
   7.5544000000E+000                        0
   7.6608000000E+000                        0
   7.7672000000E+000                        0
   7.8736000000E+000                        0
   7.9800000000E+000                        0
   8.0864000000E+000                        0
   8.1928000000E+000                        0
   8.2992000000E+000                        0
   8.4056000000E+000                        0
   8.5120000000E+000                        0
   8.6184000000E+000                        0
   8.7248000000E+000                        0
   8.8312000000E+000                        0
   8.9376000000E+000                        0
   9.0440000000E+000                        0
   9.1504000000E+000                        0
   9.2568000000E+000                        0
   9.3632000000E+000                        0
   9.4696000000E+000                        0
   9.5760000000E+000                        0
   9.6824000000E+000                        0
   9.7888000000E+000                        0
   9.8952000000E+000                        0
   1.0001600000E+001                        0
   1.0108000000E+001                        0
   1.0214400000E+001                        0
   1.0320800000E+001                        0
   1.0427200000E+001                        0
   1.0533600000E+001                        0
   1.0640000000E+001                        0
