   0.0000000000E+000                        0
   1.0640000000E-001                        0
   2.1280000000E-001                        0
   3.1920000000E-001                        0
   4.2560000000E-001                        0
   5.3200000000E-001                        0
   6.3840000000E-001                        0
   7.4480000000E-001                        0
   8.5120000000E-001                        0
   9.5760000000E-001                        0
   1.0640000000E+000                        0
   1.1704000000E+000                        0
   1.2768000000E+000                        0
   1.3832000000E+000                        0
   1.4896000000E+000                        0
   1.5960000000E+000                        0
   1.7024000000E+000                        0
   1.8088000000E+000                        0
   1.9152000000E+000                        0
   2.0216000000E+000                        0
   2.1280000000E+000                        0
   2.2344000000E+000                        0
   2.3408000000E+000                        0
   2.4472000000E+000                       95
   2.5536000000E+000                    11733
   2.6600000000E+000                   146847
   2.7664000000E+000                   514352
   2.8728000000E+000                   850949
   2.9792000000E+000                   946278
   3.0856000000E+000                   850494
   3.1920000000E+000                   697331
   3.2984000000E+000                   551128
   3.4048000000E+000                   435728
   3.5112000000E+000                   355098
   3.6176000000E+000                   297708
   3.7240000000E+000                   258083
   3.8304000000E+000                   231500
   3.9368000000E+000                   213583
   4.0432000000E+000                   205531
   4.1496000000E+000                   201352
   4.2560000000E+000                   202243
   4.3624000000E+000                   209240
   4.4688000000E+000                   224817
   4.5752000000E+000                   246263
   4.6816000000E+000                   274429
   4.7880000000E+000                   310217
   4.8944000000E+000                   343540
   5.0008000000E+000                   375957
   5.1072000000E+000                   398566
   5.2136000000E+000                   411681
   5.3200000000E+000                   415260
   5.4264000000E+000                   412154
   5.5328000000E+000                   408127
   5.6392000000E+000                   397321
   5.7456000000E+000                   378025
   5.8520000000E+000                   348945
   5.9584000000E+000                   315451
   6.0648000000E+000                   281030
   6.1712000000E+000                   248683
   6.2776000000E+000                   220148
   6.3840000000E+000                   196653
   6.4904000000E+000                   176276
   6.5968000000E+000                   160449
   6.7032000000E+000                   148619
   6.8096000000E+000                   138981
   6.9160000000E+000                   131795
   7.0224000000E+000                   126644
   7.1288000000E+000                   122836
   7.2352000000E+000                   119390
   7.3416000000E+000                   116113
   7.4480000000E+000                   112291
   7.5544000000E+000                   106513
   7.6608000000E+000                   100018
   7.7672000000E+000                    92284
   7.8736000000E+000                    83490
   7.9800000000E+000                    74005
   8.0864000000E+000                    65146
   8.1928000000E+000                    56906
   8.2992000000E+000                    49568
   8.4056000000E+000                    41850
   8.5120000000E+000                    35537
   8.6184000000E+000                    29669
   8.7248000000E+000                    24937
   8.8312000000E+000                    20478
   8.9376000000E+000                    17205
   9.0440000000E+000                    14010
   9.1504000000E+000                    11363
   9.2568000000E+000                     9178
   9.3632000000E+000                     7345
   9.4696000000E+000                     5986
   9.5760000000E+000                     4258
   9.6824000000E+000                     3256
   9.7888000000E+000                     2517
   9.8952000000E+000                     1763
   1.0001600000E+001                     1276
   1.0108000000E+001                      773
   1.0214400000E+001                      457
   1.0320800000E+001                      172
   1.0427200000E+001                       77
   1.0533600000E+001                       28
   1.0640000000E+001                        1
