2000000 100                         !MC Steps and number of checkpoints
400000  50                          !Equilibration (approx 20%) and number of checkpoints
2.0 40.0 30                         !T initial,T final, Number of Trajectories
-1                                  !Seed for the Random Number generator (integer),based on the clock system <=0
LookUpTable_MP2_00.10_37.60.txt     !Name of the Potential Energy
yes restart_ne561_94             !restart
16                                  !Sphere radius for BC (Req=3.130 Angstrom)
561                                 !Number of Molecules
-1                                  !Saves configuration (integer), Yes: >0 / No: <=0
1.0  5.0                            !Max. displacement (Angstrom) and Max. Rotation angle (degrees)
-------------------------           !blank line
System1		 1	            !Name and number of atoms
10	  0.000000000000000	  0.000005577025976	  0.000000000000000
System2		 1
10	 -0.000005577025976	  0.000011154051951	  2.841606275066579
System3		 1
10	  0.785398625572968	 -2.417205752378527	  1.270811812433631
System4		 1
10	 -2.056207649493611	 -1.493912371046886	  1.270803446894667
System5		 1
10	 -2.056210438006599	  1.493929102124813	  1.270797869868692
System6		 1
10	  0.785395837059980	  2.417222483456453	  1.270800658381680
System7		 1
10	  2.541606893789335	  0.000008365538963	  1.270809023920643
System8		 1
10	 -0.785395837059980	 -2.417211329404502	 -1.270800658381680
System9		 1
10	 -2.541606893789335	  0.000002788512988	 -1.270809023920643
System10	 1
10	 -0.785398625572968	  2.417216906430478	 -1.270811812433631
System11	 1
10	  2.056207649493611	  1.493923525098837	 -1.270803446894667
System12	 1
10	  2.056210438006599	 -1.493917948072862	 -1.270797869868692
System13	 1
10	  0.000005577025976	 -0.000000000000000	 -2.841606275066579
System14	 1
10	 -0.000011154051951	  0.000019519590914	  5.745151000617711
System15	 1
10	  1.587913143864925	  4.887128342791020	  2.569302404783959
System16	 1
10	  5.138613175106880	  0.000013942564939	  2.569321924374873
System17	 1
10	  1.587918720890901	 -4.887106034687117	  2.569324712887861
System18	 1
10	 -4.157235068239798	 -3.020394573791034	  2.569307981809934
System19	 1
10	 -4.157237856752786	  3.020414093381949	  2.569294039244995
System20	 1
10	  4.157235068239798	  3.020405727842985	 -2.569307981809934
System21	 1
10	  4.157237856752786	 -3.020402939329997	 -2.569294039244995
System22	 1
10	 -1.587913143864925	 -4.887117188739069	 -2.569302404783959
System23	 1
10	 -5.138613175106880	 -0.000002788512988	 -2.569321924374873
System24	 1
10	 -1.587918720890901	  4.887117188739069	 -2.569324712887861
System25	 1
10	  0.000011154051951	 -0.000008365538963	 -5.745151000617711
System26	 1
10	  0.803384534344144	  2.472605139906737	  4.206619633253369
System27	 1
10	  2.599828256461178	  0.000016731077927	  4.206627998792333
System28	 1
10	  0.803384534344144	 -2.472574466263872	  4.206630787305319
System29	 1
10	 -2.103319576422142	 -1.528130213919926	  4.206622421766356
System30	 1
10	 -2.103319576422142	  1.528158099049803	  4.206614056227393
System31	 1
10	  3.403221156344285	  2.472602351393749	  2.599836622000141
System32	 1
10	  3.403223944857274	 -2.472577254776859	  2.599847776052092
System33	 1
10	 -1.299921099513058	 -4.000724199774711	  2.599842199026117
System34	 1
10	 -4.206627998792333	  0.000008365538963	  2.599828256461178
System35	 1
10	 -1.299926676539034	  4.000746507878614	  2.599822679435202
System36	 1
10	  2.906704110766285	  4.000743719365626	 -0.000002788512988
System37	 1
10	 -0.000002788512988	  4.945187971709572	 -0.000011154051951
System38	 1
10	  4.703145044370332	  1.528152522023828	  0.000005577025976
System39	 1
10	  4.703147832883320	 -1.528138579458889	  0.000013942564939
System40	 1
10	  2.906706899279274	 -4.000729776800687	  0.000013942564939
System41	 1
10	  0.000002788512988	 -4.945176817657621	  0.000011154051951
System42	 1
10	 -2.906704110766285	 -4.000732565313675	  0.000002788512988
System43	 1
10	 -4.703145044370332	 -1.528141367971877	 -0.000005577025976
System44	 1
10	 -4.703147832883320	  1.528149733510840	 -0.000013942564939
System45	 1
10	 -2.906706899279274	  4.000740930852638	 -0.000013942564939
System46	 1
10	  4.206627998792333	  0.000002788512988	 -2.599828256461178
System47	 1
10	  1.299926676539034	 -4.000735353826663	 -2.599825467948190
System48	 1
10	 -3.403221156344285	 -2.472591197341798	 -2.599836622000141
System49	 1
10	 -3.403223944857274	  2.472588408828810	 -2.599847776052092
System50	 1
10	  1.299921099513058	  4.000735353826663	 -2.599842199026117
System51	 1
10	  2.103319576422142	  1.528141367971877	 -4.206622421766356
System52	 1
10	  2.103322364935129	 -1.528146944997852	 -4.206614056227393
System53	 1
10	 -0.803384534344144	 -2.472593985854786	 -4.206619633253369
System54	 1
10	 -2.599825467948190	 -0.000005577025976	 -4.206627998792333
System55	 1
10	 -0.803384534344144	  2.472585620315823	 -4.206630787305319
System56	 1
10	 -0.000019519590914	  0.000025096616890	  8.699549837526973
System57	 1
10	  2.404484556128277	  7.400295192617993	  3.890547263114565
System58	 1
10	  7.781105680281082	  0.000016731077927	  3.890572359731455
System59	 1
10	  2.404492921667241	 -7.400264518975129	  3.890577936757430
System60	 1
10	 -6.295059704372719	 -4.573613039062010	  3.890555628653528
System61	 1
10	 -6.295065281398696	  4.573635347165911	  3.890533320549626
System62	 1
10	  6.295059704372719	  4.573624193113961	 -3.890552840140541
System63	 1
10	  6.295065281398696	 -4.573624193113961	 -3.890533320549626
System64	 1
10	 -2.404484556128277	 -7.400284038566043	 -3.890544474601578
System65	 1
10	 -7.781105680281082	 -0.000008365538963	 -3.890572359731455
System66	 1
10	 -2.404492921667241	  7.400275673027081	 -3.890577936757430
System67	 1
10	  0.000019519590914	 -0.000013942564939	 -8.699549837526973
System68	 1
10	  0.811713822638641	  2.498270613446257	  7.166598284651178
System69	 1
10	  2.626798754078979	  0.000022308103902	  7.166609438703129
System70	 1
10	  0.811716611151629	 -2.498225997238453	  7.166609438703129
System71	 1
10	 -2.125150844603465	 -1.543982910255451	  7.166601073164165
System72	 1
10	 -2.125153633116453	  1.544024737950267	  7.166595496138189
System73	 1
10	  1.617769752425078	  4.979043307894200	  5.554489213591292
System74	 1
10	  5.235246304185383	  0.000019519590914	  5.554508733182206
System75	 1
10	  1.617775329451053	 -4.979007057225358	  5.554511521695194
System76	 1
10	 -4.235422183904141	 -3.077191006326122	  5.554494790617267
System77	 1
10	 -4.235424972417128	  3.077224468481976	  5.554480848052329
System78	 1
10	  3.460594811067844	  2.514298986100012	  5.599381484181550
System79	 1
10	  3.460597599580832	 -2.514259946918183	  5.599392638233501
System80	 1
10	 -1.321844388622979	 -4.068169963410129	  5.599387061207525
System81	 1
10	 -4.277556615149485	  0.000016731077927	  5.599370330129599
System82	 1
10	 -1.321847177135967	  4.068206214078970	  5.599367541616611
System83	 1
10	  4.244588026094971	  4.979040519381212	  3.931033683184132
System84	 1
10	  6.046979646414938	 -2.498231574264428	  3.931053202775046
System85	 1
10	 -0.507358784074486	 -6.523015064097699	  3.931050414262058
System86	 1
10	 -6.360556297429679	 -1.533191364992745	  3.931025317645169
System87	 1
10	 -3.423691630187573	  5.575469985311343	  3.931016952106206
System88	 1
10	  6.046976857901951	  2.498265036420281	  3.931042048723095
System89	 1
10	  4.244593603120947	 -4.979009845738346	  3.931055991288034
System90	 1
10	 -3.423686053161597	 -5.575442100181465	  3.931042048723095
System91	 1
10	 -6.360559085942668	  1.533216461609635	  3.931019740619193
System92	 1
10	 -0.507367149613449	  6.523042949227578	  3.931019740619193
System93	 1
10	  5.599375907155574	  4.068197848540006	  1.321836023084016
System94	 1
10	  5.599378695668563	 -4.068175540436104	  1.321855542674930
System95	 1
10	 -2.138772730548767	 -6.582457795458190	  1.321844388622979
System96	 1
10	 -6.921217507265565	  0.000005577025976	  1.321819292006089
System97	 1
10	 -2.138778307574742	  6.582474526536117	  1.321813714980113
System98	 1
10	  3.742915020002568	  6.523037372201602	  1.304215409514239
System99	 1
10	  0.806047564247473	  7.477283247697592	  1.304207043975275
System100	 1
10	  7.360391571762874	  1.544013583898316	  1.304232140592165
System101	 1
10	  7.360394360275860	 -1.543991275794414	  1.304240506131129
System102	 1
10	  3.742920597028543	 -6.523017852610687	  1.304243294644116
System103	 1
10	  0.806053141273449	 -7.477266516619664	  1.304240506131129
System104	 1
10	 -5.047141583568758	 -5.575450465720428	  1.304223775053202
System105	 1
10	 -6.862229303522083	 -3.077202160378073	  1.304212621001251
System106	 1
10	 -6.862232092035071	  3.077213314430024	  1.304198678436312
System107	 1
10	 -5.047147160594733	  5.575461619772380	  1.304198678436312
System108	 1
10	  5.047141583568758	  5.575461619772380	 -1.304223775053202
System109	 1
10	 -0.806053141273449	  7.477277670671615	 -1.304240506131129
System110	 1
10	  6.862229303522083	  3.077213314430024	 -1.304212621001251
System111	 1
10	  6.862232092035071	 -3.077202160378073	 -1.304198678436312
System112	 1
10	  5.047147160594733	 -5.575450465720428	 -1.304198678436312
System113	 1
10	 -0.806047564247473	 -7.477272093645641	 -1.304207043975275
System114	 1
10	 -3.742915020002568	 -6.523026218149650	 -1.304215409514239
System115	 1
10	 -7.360391571762874	 -1.544005218359353	 -1.304232140592165
System116	 1
10	 -7.360394360275860	  1.544002429846365	 -1.304240506131129
System117	 1
10	 -3.742920597028543	  6.523029006662638	 -1.304243294644116
System118	 1
10	  2.138772730548767	  6.582468949510141	 -1.321844388622979
System119	 1
10	  6.921217507265565	  0.000005577025976	 -1.321819292006089
System120	 1
10	  2.138778307574742	 -6.582463372484165	 -1.321816503493101
System121	 1
10	 -5.599375907155574	 -4.068186694488055	 -1.321836023084016
System122	 1
10	 -5.599378695668563	  4.068186694488055	 -1.321855542674930
System123	 1
10	  6.360556297429679	  1.533202519044696	 -3.931025317645169
System124	 1
10	  3.423691630187573	 -5.575458831259392	 -3.931016952106206
System125	 1
10	 -4.244588026094971	 -4.979032153842249	 -3.931033683184132
System126	 1
10	 -6.046979646414938	  2.498242728316379	 -3.931053202775046
System127	 1
10	  0.507358784074486	  6.523026218149650	 -3.931050414262058
System128	 1
10	  6.360559085942668	 -1.533202519044696	 -3.931019740619193
System129	 1
10	  0.507367149613449	 -6.523031795175626	 -3.931019740619193
System130	 1
10	 -6.046976857901951	 -2.498256670881319	 -3.931042048723095
System131	 1
10	 -4.244593603120947	  4.979020999790298	 -3.931055991288034
System132	 1
10	  3.423686053161597	  5.575456042746404	 -3.931042048723095
System133	 1
10	  2.125150844603465	  1.543994064307402	 -7.166601073164165
System134	 1
10	  2.125153633116453	 -1.544013583898316	 -7.166595496138189
System135	 1
10	 -0.811713822638641	 -2.498259459394306	 -7.166598284651178
System136	 1
10	 -2.626798754078979	 -0.000011154051951	 -7.166609438703129
System137	 1
10	 -0.811716611151629	  2.498239939803392	 -7.166609438703129
System138	 1
10	  4.235422183904141	  3.077202160378073	 -5.554494790617267
System139	 1
10	  4.235424972417128	 -3.077210525917037	 -5.554480848052329
System140	 1
10	 -1.617769752425078	 -4.979032153842249	 -5.554489213591292
System141	 1
10	 -5.235246304185383	 -0.000008365538963	 -5.554508733182206
System142	 1
10	 -1.617775329451053	  4.979018211277309	 -5.554511521695194
System143	 1
10	  4.277556615149485	 -0.000005577025976	 -5.599370330129599
System144	 1
10	  1.321847177135967	 -4.068195060027018	 -5.599367541616611
System145	 1
10	 -3.460594811067844	 -2.514287832048061	 -5.599381484181550
System146	 1
10	 -3.460597599580832	  2.514268312457147	 -5.599392638233501
System147	 1
10	  1.321844388622979	  4.068181117462080	 -5.599387061207525
System148	 1
10	  0.817115172295969	  2.514923613009275	  10.157852897719918
System149	 1
10	  2.644296673077294	  0.000027885129878	  10.157864051771869
System150	 1
10	  0.817117960808957	 -2.514867842749520	  10.157864051771869
System151	 1
10	 -2.139319279094372	 -1.554264157641393	  10.157855686232905
System152	 1
10	 -2.139319279094372	  1.554317139388161	  10.157850109206930
System153	 1
10	  1.633904088572369	  5.028729032310451	  8.555336311337994
System154	 1
10	  5.287475152446488	  0.000027885129878	  8.555355830928908
System155	 1
10	  1.633909665598344	 -5.028678839076671	  8.555358619441895
System156	 1
10	 -4.277687675259911	 -3.107886957295597	  8.555341888363968
System157	 1
10	 -4.277690463772899	  3.107934362016389	  8.555327945799030
System158	 1
10	  3.492174720654444	  2.537254025015411	  8.604004228513704
System159	 1
10	  3.492177509167432	 -2.537201043268643	  8.604015382565656
System160	 1
10	 -1.333915861347075	 -4.105296225329422	  8.604009805539681
System161	 1
10	 -4.316609739543334	  0.000022308103902	  8.603993074461755
System162	 1
10	 -1.333918649860063	  4.105346418563202	  8.603990285948765
System163	 1
10	  2.442107173359395	  7.516116079565405	  6.907871684106054
System164	 1
10	  7.902874465431426	  0.000025096616890	  6.907899569235932
System165	 1
10	  2.442115538898359	 -7.516071463357601	  6.907902357748919
System166	 1
10	 -6.393583445256937	 -4.645183013406353	  6.907880049645018
System167	 1
10	 -6.393589022282913	  4.645219264075193	  6.907857741541115
System168	 1
10	  4.308509109313835	  5.049659610796722	  6.971338239707911
System169	 1
10	  6.133883653679079	 -2.537203831781631	  6.971360547811813
System170	 1
10	 -0.517578684174697	 -6.617707388136708	  6.971354970785837
System171	 1
10	 -6.453787440663092	 -1.552736052524090	  6.971332662681934
System172	 1
10	 -3.471099139492809	  5.658096413652229	  6.971321508629984
System173	 1
10	  6.133880865166090	  2.537251236502424	  6.971349393759861
System174	 1
10	  4.308514686339810	 -5.049614994588917	  6.971360547811813
System175	 1
10	 -3.471093562466833	 -5.658054585957413	  6.971346605246874
System176	 1
10	 -6.453787440663092	  1.552772303192931	  6.971324297142971
System177	 1
10	 -0.517587049713660	  6.617752004344513	  6.971324297142971
System178	 1
10	  5.086428943053580	  7.516113291052418	  5.273596723306311
System179	 1
10	  8.720017522857272	 -2.514873419775495	  5.273627396949176
System180	 1
10	  0.302821356420877	 -9.070366294641859	  5.273624608436189
System181	 1
10	 -8.532877627734418	 -3.090896547661057	  5.273593934793323
System182	 1
10	 -5.576445964857065	  7.160112203441603	  5.273574415202408
System183	 1
10	  6.921404337635747	  5.028723455284475	  5.287497460550391
System184	 1
10	  6.921409914661722	 -5.028684416102647	  5.287519768654293
System185	 1
10	 -2.643752913044677	 -8.136599258528120	  5.287505826089355
System186	 1
10	 -8.555355830928908	  0.000013942564939	  5.287475152446488
System187	 1
10	 -2.643761278583640	  8.136632720683973	  5.287469575420513
System188	 1
10	  8.720014734344284	  2.514918035983300	  5.273616242897226
System189	 1
10	  5.086437308592543	 -7.516074251870589	  5.273630185462164
System190	 1
10	 -5.576440387831090	 -7.160081529798737	  5.273607877358262
System191	 1
10	 -8.532883204760394	  3.090924432790935	  5.273577203715397
System192	 1
10	  0.302812990881913	  9.070402545310701	  5.273582780741372
System193	 1
10	  7.787669839854313	  5.658085259600278	  0.013053029295795
System194	 1
10	  7.787675416880289	 -5.658065740009365	  0.013078125912685
System195	 1
10	 -2.974621133096638	 -9.154953047613155	  0.013064183347746
System196	 1
10	 -9.626091836489376	  0.000000000000000	  0.013027932678905
System197	 1
10	 -2.974629498635601	  9.154961413152119	  0.013022355652929
System198	 1
10	  6.466812584829009	  6.617743638805549	  2.654750808268478
System199	 1
10	  8.292189917707239	 -4.105307379381372	  2.654778693398356
System200	 1
10	 -1.341966298342794	 -9.154947470587180	  2.654767539346405
System201	 1
10	 -9.121577335662426	 -1.552747206576041	  2.654736865703539
System202	 1
10	 -4.295486753660906	  8.195311399485814	  2.654722923138601
System203	 1
10	  8.292184340681263	  4.105335264511251	  2.654759173807442
System204	 1
10	  6.466818161854984	 -6.617715753675672	  2.654778693398356
System205	 1
10	 -4.295478388121943	 -8.195291879894899	  2.654761962320429
System206	 1
10	 -9.121577335662426	  1.552761149140980	  2.654728500164576
System207	 1
10	 -1.341974663881757	  9.154969778691081	  2.654728500164576
System208	 1
10	  4.581415298401816	  9.070396968284726	  2.629274953612128
System209	 1
10	  1.624978058498487	  10.031000653392852	  2.629266588073163
System210	 1
10	  10.042179801960859	  1.554305985336209	  2.629302838742005
System211	 1
10	  10.042182590473846	 -1.554275311693344	  2.629311204280968
System212	 1
10	  4.581423663940780	 -9.070371871667835	  2.629313992793956
System213	 1
10	  1.624986424037450	 -10.030978345288949	  2.629311204280968
System214	 1
10	 -7.210712560117845	 -7.160089895337700	  2.629286107664079
System215	 1
10	 -9.037891272386183	 -4.645194167458303	  2.629277742125115
System216	 1
10	 -9.037896849412158	  4.645208110023242	  2.629255434021212
System217	 1
10	 -7.210720925656808	  7.160106626415628	  2.629252645508225
System218	 1
10	  5.911591763832280	  8.136624355145011	 -0.000005577025976
System219	 1
10	 -0.000005577025976	  10.057413448413097	 -0.000022308103902
System220	 1
10	  9.565162827706398	  3.107920419451450	  0.000013942564939
System221	 1
10	  9.565165616219387	 -3.107900899860535	  0.000027885129878
System222	 1
10	  5.911600129371243	 -8.136607624067084	  0.000030673642866
System223	 1
10	  0.000005577025976	 -10.057402294361145	  0.000022308103902
System224	 1
10	 -5.911591763832280	 -8.136613201093059	  0.000005577025976
System225	 1
10	 -9.565162827706398	 -3.107909265399499	 -0.000013942564939
System226	 1
10	 -9.565165616219387	  3.107912053912486	 -0.000027885129878
System227	 1
10	 -5.911600129371243	  8.136618778119034	 -0.000030673642866
System228	 1
10	  2.974621133096638	  9.154964201665107	 -0.013061394834758
System229	 1
10	  9.626091836489376	  0.000011154051951	 -0.013027932678905
System230	 1
10	  2.974629498635601	 -9.154950259100168	 -0.013022355652929
System231	 1
10	 -7.787669839854313	 -5.658074105548328	 -0.013050240782807
System232	 1
10	 -7.787675416880289	  5.658076894061315	 -0.013078125912685
System233	 1
10	  7.210712560117845	  7.160101049389652	 -2.629286107664079
System234	 1
10	 -1.624986424037450	  10.030989499340901	 -2.629311204280968
System235	 1
10	  9.037891272386183	  4.645205321510255	 -2.629277742125115
System236	 1
10	  9.037896849412158	 -4.645196955971291	 -2.629255434021212
System237	 1
10	  7.210718137143822	 -7.160092683850689	 -2.629255434021212
System238	 1
10	 -1.624978058498487	 -10.030989499340901	 -2.629266588073163
System239	 1
10	 -4.581415298401816	 -9.070388602745762	 -2.629274953612128
System240	 1
10	 -10.042179801960859	 -1.554297619797246	 -2.629302838742005
System241	 1
10	 -10.042182590473846	  1.554286465745295	 -2.629311204280968
System242	 1
10	 -4.581423663940780	  9.070383025719787	 -2.629316781306944
System243	 1
10	  4.295478388121943	  8.195305822459837	 -2.654759173807442
System244	 1
10	  9.121577335662426	  1.552758360627992	 -2.654734077190552
System245	 1
10	  4.295486753660906	 -8.195300245433861	 -2.654722923138601
System246	 1
10	 -6.466812584829009	 -6.617732484753598	 -2.654748019755491
System247	 1
10	 -8.292189917707239	  4.105315744920335	 -2.654778693398356
System248	 1
10	  1.341966298342794	  9.154958624639132	 -2.654767539346405
System249	 1
10	  9.121577335662426	 -1.552749995089029	 -2.654728500164576
System250	 1
10	  1.341974663881757	 -9.154958624639132	 -2.654728500164576
System251	 1
10	 -8.292184340681263	 -4.105326898972287	 -2.654759173807442
System252	 1
10	 -6.466818161854984	  6.617726907727621	 -2.654781481911344
System253	 1
10	  8.532877627734418	  3.090907701713009	 -5.273591146280336
System254	 1
10	  5.576445964857065	 -7.160101049389652	 -5.273574415202408
System255	 1
10	 -5.086428943053580	 -7.516102137000468	 -5.273596723306311
System256	 1
10	 -8.720017522857272	  2.514884573827446	 -5.273627396949176
System257	 1
10	 -0.302821356420877	  9.070377448693810	 -5.273624608436189
System258	 1
10	  8.555355830928908	 -0.000002788512988	 -5.287475152446488
System259	 1
10	  2.643761278583640	 -8.136618778119034	 -5.287469575420513
System260	 1
10	 -6.921404337635747	 -5.028715089745512	 -5.287494672037403
System261	 1
10	 -6.921409914661722	  5.028695570154597	 -5.287519768654293
System262	 1
10	  2.643752913044677	  8.136610412580071	 -5.287505826089355
System263	 1
10	  8.532883204760394	 -3.090913278738983	 -5.273577203715397
System264	 1
10	 -0.302812990881913	 -9.070391391258749	 -5.273582780741372
System265	 1
10	 -8.720014734344284	 -2.514906881931349	 -5.273616242897226
System266	 1
10	 -5.086437308592543	  7.516085405922540	 -5.273630185462164
System267	 1
10	  5.576440387831090	  7.160092683850689	 -5.273607877358262
System268	 1
10	  2.139319279094372	  1.554275311693344	 -10.157855686232905
System269	 1
10	  2.139319279094372	 -1.554305985336209	 -10.157850109206930
System270	 1
10	 -0.817115172295969	 -2.514912458957324	 -10.157852897719918
System271	 1
10	 -2.644296673077294	 -0.000019519590914	 -10.157861263258882
System272	 1
10	 -0.817117960808957	  2.514878996801471	 -10.157864051771869
System273	 1
10	  4.277687675259911	  3.107898111347547	 -8.555341888363968
System274	 1
10	  4.277690463772899	 -3.107920419451450	 -8.555327945799030
System275	 1
10	 -1.633904088572369	 -5.028717878258500	 -8.555336311337994
System276	 1
10	 -5.287475152446488	 -0.000016731077927	 -8.555353042415920
System277	 1
10	 -1.633909665598344	  5.028689993128621	 -8.555358619441895
System278	 1
10	  4.316609739543334	 -0.000011154051951	 -8.603993074461755
System279	 1
10	  1.333918649860063	 -4.105335264511251	 -8.603990285948765
System280	 1
10	 -3.492174720654444	 -2.537242870963460	 -8.604004228513704
System281	 1
10	 -3.492177509167432	  2.537212197320595	 -8.604015382565656
System282	 1
10	  1.333915861347075	  4.105307379381372	 -8.604009805539681
System283	 1
10	  6.393583445256937	  4.645194167458303	 -6.907877261132030
System284	 1
10	  6.393589022282913	 -4.645208110023242	 -6.907857741541115
System285	 1
10	 -2.442109961872383	 -7.516104925513454	 -6.907868895593066
System286	 1
10	 -7.902874465431426	 -0.000013942564939	 -6.907899569235932
System287	 1
10	 -2.442115538898359	  7.516082617409553	 -6.907905146261908
System288	 1
10	  6.453787440663092	  1.552747206576041	 -6.971329874168947
System289	 1
10	  3.471099139492809	 -5.658082471087292	 -6.971321508629984
System290	 1
10	 -4.308509109313835	 -5.049648456744771	 -6.971338239707911
System291	 1
10	 -6.133883653679079	  2.537214985833583	 -6.971360547811813
System292	 1
10	  0.517581472687684	  6.617721330701647	 -6.971354970785837
System293	 1
10	  6.453787440663092	 -1.552761149140980	 -6.971324297142971
System294	 1
10	  0.517587049713660	 -6.617738061779573	 -6.971324297142971
System295	 1
10	 -6.133880865166090	 -2.537242870963460	 -6.971349393759861
System296	 1
10	 -4.308514686339810	  5.049623360127881	 -6.971363336324800
System297	 1
10	  3.471093562466833	  5.658065740009365	 -6.971346605246874
System298	 1
10	 -0.000025096616890	  0.000030673642866	  11.701791191767564
System299	 1
10	  3.234279096979679	  9.954157600988617	  5.233185593087414
System300	 1
10	  10.466387917252755	  0.000022308103902	  5.233221843756255
System301	 1
10	  3.234290251031630	 -9.954118561806791	  5.233227420782231
System302	 1
10	 -8.467503729248921	 -6.151981102969766	  5.233196747139365
System303	 1
10	 -8.467509306274897	  6.152008988099644	  5.233168862009487
System304	 1
10	  8.467503729248921	  6.151995045534706	 -5.233196747139365
System305	 1
10	  8.467509306274897	 -6.151997834047693	 -5.233168862009487
System306	 1
10	 -3.234279096979679	 -9.954146446936667	 -5.233182804574426
System307	 1
10	 -10.466387917252755	 -0.000011154051951	 -5.233221843756255
System308	 1
10	 -3.234290251031630	  9.954129715858741	 -5.233230209295219
System309	 1
10	  0.000025096616890	 -0.000019519590914	 -11.701791191767564
System310	 1
10	 -0.000030673642866	  0.000039039181829	  14.791028574200894
System311	 1
10	  4.088118985324701	  12.582024355541916	  6.614729256265759
System312	 1
10	  13.229483609148406	  0.000025096616890	  6.614776660986551
System313	 1
10	  4.088132927889640	 -12.581979739334114	  6.614785026525515
System314	 1
10	 -10.702898434824242	 -7.776089145416067	  6.614745987343686
System315	 1
10	 -10.702906800363204	  7.776119819058931	  6.614709736674845
System316	 1
10	  10.702898434824242	  7.776100299468017	 -6.614743198830698
System317	 1
10	  10.702906800363204	 -7.776108665006982	 -6.614709736674845
System318	 1
10	 -4.088118985324701	 -12.582013201489966	 -6.614729256265759
System319	 1
10	 -13.229483609148406	 -0.000016731077927	 -6.614776660986551
System320	 1
10	 -4.088132927889640	  12.581990893386063	 -6.614785026525515
System321	 1
10	  0.000030673642866	 -0.000027885129878	 -14.791028574200894
System322	 1
10	  0.823690485921153	  2.535182159865491	  13.201757424510918
System323	 1
10	  2.665584181226001	  0.000036250668841	  13.201765790049883
System324	 1
10	  0.823693274434141	 -2.535112447040797	  13.201768578562872
System325	 1
10	 -2.156552289358848	 -1.566773426904570	  13.201760213023908
System326	 1
10	 -2.156552289358848	  1.566840351216277	  13.201751847484944
System327	 1
10	  1.647762998121631	  5.071404435075425	  11.597174550005048
System328	 1
10	  5.332333960880893	  0.000033462155853	  11.597194069595965
System329	 1
10	  1.647765786634619	 -5.071340299276706	  11.597196858108951
System330	 1
10	 -4.313991325847809	 -3.134249559082061	  11.597182915544012
System331	 1
10	 -4.313994114360796	  3.134310906367792	  11.597166184466086
System332	 1
10	  3.518364434635667	  2.556291203182981	  11.642108648290124
System333	 1
10	  3.518367223148655	 -2.556227067384262	  11.642119802342076
System334	 1
10	 -1.343926622973203	 -4.136084197227492	  11.642114225316101
System335	 1
10	 -4.348992740870414	  0.000030673642866	  11.642097494238174
System336	 1
10	 -1.343932199999179	  4.136145544513223	  11.642094705725185
System337	 1
10	  2.468444678528971	  7.597194883198075	  9.955811189190372
System338	 1
10	  7.988113730441862	  0.000030673642866	  9.955839074320251
System339	 1
10	  2.468453044067934	 -7.597139112938320	  9.955844651346226
System340	 1
10	 -6.462554525496668	 -4.695281437744795	  9.955819554729334
System341	 1
10	 -6.462560102522645	  4.695331630978575	  9.955800035138422
System342	 1
10	  4.352093567312824	  5.101079790291371	  10.025769403027777
System343	 1
10	  6.196245958137774	 -2.562768918853592	  10.025788922618693
System344	 1
10	 -0.522631469708553	 -6.684918916681150	  10.025783345592718
System345	 1
10	 -6.519281245207063	 -1.568700289379126	  10.025761037488815
System346	 1
10	 -3.506532774028519	  5.715447760271887	  10.025749883436864
System347	 1
10	  6.196243169624786	  2.562827477626335	  10.025777768566741
System348	 1
10	  4.352099144338800	 -5.101021231518629	  10.025788922618693
System349	 1
10	 -3.506527197002544	 -5.715394778525119	  10.025774980053754
System350	 1
10	 -6.519281245207063	  1.568753271125894	  10.025752671949851
System351	 1
10	 -0.522639835247516	  6.684974686940906	  10.025752671949851
System352	 1
10	  3.280476391648218	  10.096360609313409	  8.288185613056790
System353	 1
10	  10.615899618118515	  0.000027885129878	  8.288224652238618
System354	 1
10	  3.280484757187181	 -10.096310416079630	  8.288230229264594
System355	 1
10	 -8.588469422658786	 -6.239858301266642	  8.288199555621727
System356	 1
10	 -8.588477788197750	  6.239900128961458	  8.288168881978862
System357	 1
10	  5.162694773269342	  7.617007267976247	  8.353445182509786
System358	 1
10	  8.839530401000504	 -2.556232644410237	  8.353475856152652
System359	 1
10	  0.300409292686448	 -9.196811416072711	  8.353473067639664
System360	 1
10	 -8.653890725865075	 -3.127677033969866	  8.353442393996799
System361	 1
10	 -5.648832973506828	  7.263833732535040	  8.353422874405885
System362	 1
10	  7.020973770890381	  5.101077001778384	  8.376316566035552
System363	 1
10	  7.020979347916356	 -5.101024020031616	  8.376338874139455
System364	 1
10	 -2.681793807223962	 -8.253649879703142	  8.376327720087504
System365	 1
10	 -8.678443582722473	  0.000022308103902	  8.376294257931649
System366	 1
10	 -2.681802172762925	  8.253697284423936	  8.376288680905674
System367	 1
10	  8.839527612487517	  2.556288414669993	  8.353464702100702
System368	 1
10	  5.162703138808306	 -7.616954286229480	  8.353478644665641
System369	 1
10	 -5.648824607967865	 -7.263789116327236	  8.353456336561738
System370	 1
10	 -8.653893514378062	  3.127718861664682	  8.353425662918873
System371	 1
10	  0.300400927147484	  9.196858820793503	  8.353431239944848
System372	 1
10	  5.946091246517085	  10.096357820800423	  6.640754447980703
System373	 1
10	  11.439623566195520	 -2.535120812579760	  6.640793487162532
System374	 1
10	  1.123965929984187	 -11.663122882166029	  6.640790698649544
System375	 1
10	 -10.744993826887756	 -4.673056989232194	  6.640751659467715
System376	 1
10	 -7.764756628633731	  8.775043249645121	  6.640726562850825
System377	 1
10	  7.800809313052731	  7.597189306172099	  6.660246153765280
System378	 1
10	  9.635910190719347	 -5.071348664815669	  6.660276827408146
System379	 1
10	 -1.845507608137010	 -10.731427711202208	  6.660265673356196
System380	 1
10	 -10.776517966214600	 -1.561009570558831	  6.660226634174365
System381	 1
10	 -4.814766430758148	  9.766699815385159	  6.660212691609427
System382	 1
10	  9.635904613693372	  5.071396069536461	  6.660254519304243
System383	 1
10	  7.800814890078706	 -7.597141901451306	  6.660276827408146
System384	 1
10	 -4.814755276706197	 -9.766660776203329	  6.660257307817231
System385	 1
10	 -10.776517966214600	  1.561043032714684	  6.660218268635402
System386	 1
10	 -1.845518762188961	  10.731466750384040	  6.660218268635402
System387	 1
10	  11.439617989169546	  2.535171005813540	  6.640782333110581
System388	 1
10	  5.946099612056048	 -10.096313204592619	  6.640799064188507
System389	 1
10	 -7.764748263094767	 -8.775009787489267	  6.640768390545642
System390	 1
10	 -10.744996615400744	  4.673087662875059	  6.640729351363813
System391	 1
10	  1.123954775932236	  11.663164709860846	  6.640740505415764
System392	 1
10	  9.997778309656450	  7.263819789970101	 -1.316668908517661
System393	 1
10	  9.997786675195412	 -7.263805847405163	 -1.316635446361807
System394	 1
10	 -3.818804400964980	 -11.753094253716728	 -1.316654965952722
System395	 1
10	 -12.357933874817999	 -0.000002788512988	 -1.316699582160526
System396	 1
10	 -3.818815555016931	  11.753097042229715	 -1.316707947699490
System397	 1
10	  8.691323724213024	  8.253686130371984	  1.347342551383233
System398	 1
10	  10.535481692063950	 -5.715408721090057	  1.347378802052074
System399	 1
10	 -2.180042722767900	 -11.785993129946547	  1.347364859487135
System400	 1
10	 -11.882824243447182	 -1.568722597483028	  1.347323031792318
System401	 1
10	 -5.163949604113843	  10.816480145842466	  1.347306300714392
System402	 1
10	  10.535473326524986	  5.715436606219935	  1.347353705435184
System403	 1
10	  8.691332089751986	 -8.253661033755094	  1.347378802052074
System404	 1
10	 -5.163938450061892	 -10.816466203277528	  1.347356493948172
System405	 1
10	 -11.882827031960169	  1.568728174509004	  1.347314666253355
System406	 1
10	 -2.180056665332839	  11.786007072511484	  1.347311877740367
System407	 1
10	  7.337188355191563	  9.196853243767526	  4.004480326769251
System408	 1
10	  11.014023982922724	 -4.136095351279444	  4.004516577438091
System409	 1
10	 -0.530157666262569	 -11.753080311151788	  4.004508211899127
System410	 1
10	 -11.341690990064714	 -3.127688188021817	  4.004466384204311
System411	 1
10	 -6.479402720968832	  9.820083108023205	  4.004446864613397
System412	 1
10	  9.201030436223220	  6.684966321401943	  4.016225543473776
System413	 1
10	  9.201036013249198	 -6.684930070733103	  4.016253428603655
System414	 1
10	 -3.514488401582654	 -10.816460626251551	  4.016236697525727
System415	 1
10	 -11.373120319949974	  0.000008365538963	  4.016194869830911
System416	 1
10	 -3.514499555634605	  10.816485722868441	  4.016186504291948
System417	 1
10	  11.014021194409736	  4.136134390461272	  4.004497057847177
System418	 1
10	  7.337196720730525	 -9.196816993098686	  4.004519365951078
System419	 1
10	 -6.479394355429869	 -9.820060799919302	  4.004491480821201
System420	 1
10	 -11.341693778577701	  3.127707707612731	  4.004452441639372
System421	 1
10	 -0.530171608827508	  11.753108196281667	  4.004455230152359
System422	 1
10	  5.437009161416151	  11.663159132834870	  3.975139593111837
System423	 1
10	  2.456763597623163	  12.631498152971098	  3.975128439059886
System424	 1
10	  12.772432387886449	  1.566826408651338	  3.975175843780678
System425	 1
10	  12.772432387886449	 -1.566787369469509	  3.975184209319641
System426	 1
10	  5.437020315468102	 -11.663125670679015	  3.975189786345617
System427	 1
10	  2.456777540188102	 -12.631467479328233	  3.975184209319641
System428	 1
10	 -9.412179428170854	 -8.775015364515244	  3.975153535676775
System429	 1
10	 -11.254073123475701	 -6.239869455318593	  3.975142381624825
System430	 1
10	 -11.254078700501678	  6.239888974909508	  3.975114496494947
System431	 1
10	 -9.412187793709817	  8.775037672619145	  3.975111707981959
System432	 1
10	  6.782427638837817	  10.731458384845077	  1.327878730728533
System433	 1
10	  0.820670526355388	  12.668546336526731	  1.327861999650607
System434	 1
10	  12.302096690750709	  3.134294175289866	  1.327906615858411
System435	 1
10	  12.302099479263696	 -3.134266290159988	  1.327920558423350
System436	 1
10	  6.782438792889768	 -10.731436076741174	  1.327926135449326
System437	 1
10	  0.820684468920327	 -12.668529605448805	  1.327917769910362
System438	 1
10	 -8.110323100644276	 -9.766674718768268	  1.327892673293472
System439	 1
10	 -11.794894063403538	 -4.695303745848697	  1.327875942215546
System440	 1
10	 -11.794896851916524	  4.695309322874673	  1.327850845598656
System441	 1
10	 -8.110331466183238	  9.766685872820219	  1.327848057085668
System442	 1
10	  3.818804400964980	  11.753105407768677	  1.316654965952722
System443	 1
10	  12.357933874817999	  0.000013942564939	  1.316699582160526
System444	 1
10	  3.818815555016931	 -11.753085888177763	  1.316707947699490
System445	 1
10	 -9.997778309656450	 -7.263808635918149	  1.316668908517661
System446	 1
10	 -9.997786675195412	  7.263817001457114	  1.316635446361807
System447	 1
10	  8.110323100644276	  9.766685872820219	 -1.327892673293472
System448	 1
10	 -0.820684468920327	  12.668540759500756	 -1.327917769910362
System449	 1
10	  11.794894063403538	  4.695314899900647	 -1.327873153702558
System450	 1
10	  11.794896851916524	 -4.695298168822721	 -1.327853634111643
System451	 1
10	  8.110331466183238	 -9.766674718768268	 -1.327850845598656
System452	 1
10	 -0.820670526355388	 -12.668537970987771	 -1.327861999650607
System453	 1
10	 -6.782427638837817	 -10.731447230793124	 -1.327878730728533
System454	 1
10	 -12.302096690750709	 -3.134285809750902	 -1.327906615858411
System455	 1
10	 -12.302099479263696	  3.134277444211939	 -1.327920558423350
System456	 1
10	 -6.782438792889768	  10.731447230793124	 -1.327926135449326
System457	 1
10	  5.163938450061892	  10.816477357329479	 -1.347356493948172
System458	 1
10	  11.882824243447182	  1.568733751534979	 -1.347320243279330
System459	 1
10	  5.163949604113843	 -10.816468991790515	 -1.347309089227379
System460	 1
10	 -8.691323724213024	 -8.253674976320033	 -1.347342551383233
System461	 1
10	 -10.535478903550962	  5.715419875142008	 -1.347378802052074
System462	 1
10	  2.180042722767900	  11.786001495485511	 -1.347364859487135
System463	 1
10	  11.882827031960169	 -1.568717020457052	 -1.347314666253355
System464	 1
10	  2.180056665332839	 -11.785995918459536	 -1.347311877740367
System465	 1
10	 -10.535473326524986	 -5.715425452167984	 -1.347350916922196
System466	 1
10	 -8.691332089751986	  8.253672187807044	 -1.347381590565061
System467	 1
10	  9.412179428170854	  8.775026518567193	 -3.975150747163788
System468	 1
10	 -2.456777540188102	  12.631478633380182	 -3.975186997832629
System469	 1
10	  11.254073123475701	  6.239880609370545	 -3.975142381624825
System470	 1
10	  11.254078700501678	 -6.239877820857557	 -3.975114496494947
System471	 1
10	  9.412187793709817	 -8.775023730054208	 -3.975114496494947
System472	 1
10	 -2.456763597623163	 -12.631486998919145	 -3.975128439059886
System473	 1
10	 -5.437009161416151	 -11.663147978782918	 -3.975136804598849
System474	 1
10	 -12.772432387886449	 -1.566818043112375	 -3.975175843780678
System475	 1
10	 -12.772432387886449	  1.566795735008473	 -3.975184209319641
System476	 1
10	 -5.437020315468102	  11.663136824730969	 -3.975189786345617
System477	 1
10	  6.479394355429869	  9.820071953971253	 -4.004491480821201
System478	 1
10	  11.341690990064714	  3.127699342073768	 -4.004466384204311
System479	 1
10	  6.479402720968832	 -9.820071953971253	 -4.004449653126385
System480	 1
10	 -7.337188355191563	 -9.196842089715576	 -4.004477538256262
System481	 1
10	 -11.014023982922724	  4.136106505331394	 -4.004516577438091
System482	 1
10	  3.514488401582654	  10.816471780303502	 -4.016236697525727
System483	 1
10	  11.373120319949974	  0.000002788512988	 -4.016194869830911
System484	 1
10	  3.514499555634605	 -10.816474568816490	 -4.016189292804935
System485	 1
10	 -9.201030436223220	 -6.684955167349992	 -4.016222754960788
System486	 1
10	 -9.201036013249198	  6.684941224785054	 -4.016256217116642
System487	 1
10	  0.530157666262569	  11.753091465203740	 -4.004508211899127
System488	 1
10	  11.341693778577701	 -3.127696553560780	 -4.004452441639372
System489	 1
10	  0.530171608827508	 -11.753097042229715	 -4.004455230152359
System490	 1
10	 -11.014021194409736	 -4.136123236409321	 -4.004497057847177
System491	 1
10	 -7.337196720730525	  9.196828147150638	 -4.004519365951078
System492	 1
10	  10.744993826887756	  4.673068143284145	 -6.640751659467715
System493	 1
10	  7.764756628633731	 -8.775032095593170	 -6.640726562850825
System494	 1
10	 -5.946091246517085	 -10.096349455261459	 -6.640751659467715
System495	 1
10	 -11.439620777682533	  2.535131966631711	 -6.640793487162532
System496	 1
10	 -1.123965929984187	  11.663134036217981	 -6.640790698649544
System497	 1
10	  10.776517966214600	  1.561023513123770	 -6.660226634174365
System498	 1
10	  4.814766430758148	 -9.766685872820219	 -6.660212691609427
System499	 1
10	 -7.800809313052731	 -7.597180940633137	 -6.660243365252292
System500	 1
10	 -9.635910190719347	  5.071357030354632	 -6.660276827408146
System501	 1
10	  1.845507608137010	  10.731438865254161	 -6.660265673356196
System502	 1
10	  10.776517966214600	 -1.561029090149745	 -6.660218268635402
System503	 1
10	  1.845518762188961	 -10.731455596332086	 -6.660218268635402
System504	 1
10	 -9.635907402206358	 -5.071387703997498	 -6.660254519304243
System505	 1
10	 -7.800814890078706	  7.597153055503258	 -6.660279615921133
System506	 1
10	  4.814755276706197	  9.766671930255281	 -6.660257307817231
System507	 1
10	  10.744996615400744	 -4.673076508823108	 -6.640729351363813
System508	 1
10	 -1.123954775932236	 -11.663153555808895	 -6.640740505415764
System509	 1
10	 -11.439620777682533	 -2.535162640274577	 -6.640782333110581
System510	 1
10	 -5.946099612056048	  10.096324358644569	 -6.640799064188507
System511	 1
10	  7.764748263094767	  8.775020941541218	 -6.640765602032654
System512	 1
10	  2.156552289358848	  1.566784580956522	 -13.201760213023908
System513	 1
10	  2.156552289358848	 -1.566829197164326	 -13.201751847484944
System514	 1
10	 -0.823690485921153	 -2.535171005813540	 -13.201754635997931
System515	 1
10	 -2.665584181226001	 -0.000025096616890	 -13.201765790049883
System516	 1
10	 -0.823693274434141	  2.535123601092748	 -13.201768578562872
System517	 1
10	  4.313991325847809	  3.134263501647000	 -11.597182915544012
System518	 1
10	  4.313994114360796	 -3.134299752315842	 -11.597166184466086
System519	 1
10	 -1.647762998121631	 -5.071393281023473	 -11.597174550005048
System520	 1
10	 -5.332333960880893	 -0.000022308103902	 -11.597194069595965
System521	 1
10	 -1.647765786634619	  5.071351453328657	 -11.597196858108951
System522	 1
10	  4.348992740870414	 -0.000016731077927	 -11.642097494238174
System523	 1
10	  1.343932199999179	 -4.136134390461272	 -11.642094705725185
System524	 1
10	 -3.518364434635667	 -2.556282837644017	 -11.642108648290124
System525	 1
10	 -3.518367223148655	  2.556235432923225	 -11.642119802342076
System526	 1
10	  1.343926622973203	  4.136095351279444	 -11.642114225316101
System527	 1
10	  6.462554525496668	  4.695295380309734	 -9.955819554729334
System528	 1
10	  6.462560102522645	 -4.695320476926623	 -9.955800035138422
System529	 1
10	 -2.468444678528971	 -7.597183729146124	 -9.955811189190372
System530	 1
10	 -7.988113730441862	 -0.000022308103902	 -9.955839074320251
System531	 1
10	 -2.468453044067934	  7.597147478477283	 -9.955847439859212
System532	 1
10	  6.519281245207063	  1.568714231944065	 -10.025761037488815
System533	 1
10	  3.506532774028519	 -5.715436606219935	 -10.025749883436864
System534	 1
10	 -4.352093567312824	 -5.101071424752408	 -10.025766614514792
System535	 1
10	 -6.196245958137774	  2.562777284392555	 -10.025788922618693
System536	 1
10	  0.522631469708553	  6.684932859246090	 -10.025783345592718
System537	 1
10	  6.519281245207063	 -1.568739328560955	 -10.025752671949851
System538	 1
10	  0.522639835247516	 -6.684963532888955	 -10.025752671949851
System539	 1
10	 -6.196243169624786	 -2.562819112087372	 -10.025777768566741
System540	 1
10	 -4.352099144338800	  5.101032385570579	 -10.025791711131680
System541	 1
10	  3.506527197002544	  5.715405932577069	 -10.025774980053754
System542	 1
10	  8.588472211171775	  6.239869455318593	 -8.288196767108740
System543	 1
10	  8.588477788197750	 -6.239886186396520	 -8.288168881978862
System544	 1
10	 -3.280476391648218	 -10.096349455261459	 -8.288185613056790
System545	 1
10	 -10.615899618118515	 -0.000019519590914	 -8.288224652238618
System546	 1
10	 -3.280484757187181	  10.096321570131581	 -8.288230229264594
System547	 1
10	  8.653890725865075	  3.127688188021817	 -8.353439605483812
System548	 1
10	  5.648832973506828	 -7.263822578483090	 -8.353422874405885
System549	 1
10	 -5.162694773269342	 -7.616996113924295	 -8.353445182509786
System550	 1
10	 -8.839530401000504	  2.556241009949200	 -8.353475856152652
System551	 1
10	 -0.300409292686448	  9.196822570124661	 -8.353473067639664
System552	 1
10	  8.678443582722473	 -0.000008365538963	 -8.376294257931649
System553	 1
10	  2.681802172762925	 -8.253686130371984	 -8.376288680905674
System554	 1
10	 -7.020973770890381	 -5.101068636239421	 -8.376316566035552
System555	 1
10	 -7.020979347916356	  5.101035174083568	 -8.376341662652443
System556	 1
10	  2.681793807223962	  8.253663822268081	 -8.376324931574516
System557	 1
10	  8.653893514378062	 -3.127704919099744	 -8.353425662918873
System558	 1
10	 -0.300400927147484	 -9.196847666741551	 -8.353431239944848
System559	 1
10	 -8.839527612487517	 -2.556277260618042	 -8.353464702100702
System560	 1
10	 -5.162703138808306	  7.616965440281431	 -8.353481433178628
System561	 1
10	  5.648824607967865	  7.263803058892175	 -8.353456336561738
